Running as regular user pi
 16777215

     4427     4408      504     1689      505      595
      503     1696      499     1692      503      596
      502      597      504     1689      502      600
      504      598      501     1700      500      597
      503      597      549     1648      498     1693
      500      597      498     1699      501      598
      504      596      500      599      504     1690
      504     1688      501     1691      501     1691
      502     1693      503     1695      502     1689
      508     1685      503      596      502      597
      503      597      504      595      505      596
      503      599      504      596      504      596
      504      597      548     1647      497      599
      501      598      556      552      495     1697
      498     1690      501     1691      499     1691
      504      593      504     1693      507     1686
      504     1690      526     5272     4436     4402
      503     1691      502      598      502     1695
      501     1692      501      599      504      596
      501     1692      501      601      504      598
      503     1694      504      597      503      596
      504     1689      501     1693      502      596
      501     1698      504      598      503      597
      504      595      504     1691      502     1690
      501     1691      504     1689      504     1691
      504     1696      502     1689      503     1690
      502      598      500      599      503      596
      505      596      504      598      504      598
      505      595      504      596      503      597
      504     1690      504      595      551      552
      501      598      504     1691      501     1692
      501     1692      504     1690      503      596
      503     1694      503     1690      502     1694
      527   141642-pulse