Running as regular user pi
 16777215

     4408     4426      502     1689      504      595
      504     1692      503     1691      502      596
      503      596      503     1689      503      598
      504      597      505     1692      504      596
      504      595      504     1691      501     1689
      503      596      504     1694      504     1699
      500      596      504     1693      504     1688
      505     1689      503     1690      504     1689
      503     1691      504      597      505     1689
      504      606      494      596      504      596
      504      596      504      595      505      597
      504      598      503      596      504      596
      503      596      504      596      503      597
      503      596      503      599      504     1692
      503     1689      503     1689      503     1689
      504     1689      503     1689      504     1690
      503     1690      524     5272     4383     4454
      504     1689      503      597      502     1693
      503     1690      504      596      504      596
      504     1690      503      597      504      598
      504     1694      503      596      503      596
      504     1689      504     1690      506      594
      503     1697      503     1696      503      596
      503     1695      503     1690      502     1690
      503     1689      503     1690      504     1692
      503      598      503     1689      503      596
      504      596      503      596      503      596
      504      596      504      598      504      598
      502      597      504      596      504      596
      504      596      503      596      504      596
      503      598      504     1693      501     1689
      504     1689      504     1690      503     1689
      504     1688      504     1689      503     1692
      525   143848-pulse