Running as regular user pi
 16777215

     4409     4436      529     1666      526      571
      529     1668      529     1663      529      570
      530      570      531     1664      528      572
      530      571      530     1668      530      569
      530      570      530     1663      528     1667
      526      570      530     1669      529      572
      531      569      530      569      530     1663
      529     1664      529     1664      529     1663
      530     1666      528     1670      529     1664
      529     1663      529      570      530      570
      530      569      531      569      530      573
      530      571      531      570      530      570
      530      570      531      569      529     1667
      530      570      530      572      531     1669
      530     1664      529     1663      530     1664
      528     1664      528      571      529     1667
      529     1664      478     5346     4409     4430
      527     1664      529      571      530     1668
      529     1664      528      571      531      569
      530     1664      528      573      529      574
      529     1668      529      571      529      570
      529     1664      530     1662      530      570
      530     1669      528      575      528      570
      530      570      530     1662      530     1664
      529     1663      529     1666      527     1667
      529     1670      530     1663      529     1664
      529      571      530      570      530      570
      530      570      529      573      530      572
      529      570      530      569      529      571
      530      570      530     1667      530      570
      529      573      530     1670      529     1665
      528     1663      530     1664      528     1665
      528      571      530     1667      530     1666
      478   137413-pulse