Running as regular user pi
 16099650

 16072524-space

     4399     4448      504     1689      503      596
      503     1694      504     1689      503      598
      501      597      503     1690      503      598
      504      598      503     1694      503      597
      503      598      505     1690      500     1689
      503      596      504     1696      502     1696
      503      597      503     1694      504     1689
      503     1691      503     1690      503     1689
      503     1691      503      599      503     1690
      504      596      503      596      502      597
      504      596      504      596      504      598
      503      598      504      596      503      597
      503      596      504     1694      502     1691
      503      596      503      598      504     1695
      503     1690      507     1686      504     1689
      504      595      504      596      503     1690
      503     1690      525     5299     4387     4452
      503     1690      504      595      504     1696
      500     1690      503      596      503      597
      503     1689      504      598      503      599
      503     1695      502      597      503      596
      504     1689      504     1689      504      597
      506     1693      503     1696      503      596
      504     1693      504     1689      505     1687
      503     1690      504     1689      503     1692
      503      597      503     1692      501      597
      503      597      503      596      503      596
      503      597      503      599      503      599
      503      601      500      596      503      596
      504     1693      502     1690      504      596
      503      598      504     1698      500     1690
      503     1689      503     1690      503      597
      503      596      504     1690      503     1692
      525   144776-pulse