Running as regular user pi
 16777215

     4401     4445      553     1640      555      545
      556     1642      553     1642      550      546
      554      545      556     1637      555      547
      556      546      582     1617      582      517
      581      517      582     1611      581     1613
      554      553      575     1620      552      547
      557      542      556      543      584     1613
      552     1640      552     1639      554     1638
      555     1642      552     1645      563     1630
      555     1640      579      518      580      525
      579      515      581      518      565      539
      583      517      556      543      555      545
      559     1640      554     1639      555      542
      556      546      581      518      557     1641
      577     1614      553     1641      554      546
      579      521      600     1599      547     1638
      555     1637      476     5325     4465     4373
      554     1640      555      543      582     1615
      554     1639      555      545      579      521
      555     1638      555      547      556      545
      557     1641      580      519      556      545
      555     1639      554     1640      555      543
      555     1644      582      521      582      518
      583      517      554     1640      554     1639
      554     1639      555     1639      554     1641
      555     1659      540     1638      553     1640
      555      545      554      546      582      519
      581      518      554      550      553      545
      583      518      555      546      554     1642
      555     1639      504      596      505      596
      556      546      553     1643      553     1641
      505     1689      503      597      501      599
      503     1690      503     1691      501     1695
      477   143059-pulse