Running as regular user pi
 14383868

 14358479-space

     4348     4475      502     1691      502      598
      527     1669      528     1668      524      572
      529      571      529     1665      527      573
      528      574      528     1670      529      570
      528      571      532     1661      527     1667
      527      572      528     1671      527     1673
      528      572      502     1695      501     1691
      502     1690      528     1665      528     1665
      502     1693      528      573      528     1665
      527      573      528      572      528      571
      528      572      527      572      529      574
      528      574      528      571      528      571
      529     1664      528      572      527      572
      528      572      527      573      529     1671
      528     1665      528     1665      527      572
      527     1670      529     1665      527     1665
      528     1666      476     5346     4414     4424
      530     1664      502      601      499     1696
      501     1691      526      573      502      598
      528     1666      501      600      528      574
      528     1670      527      573      527      572
      528     1665      528     1668      525      573
      527     1672      527     1671      527      572
      528     1670      527     1668      524     1665
      502     1691      526     1666      528     1667
      501      600      528     1664      527      572
      501      598      527      572      502      598
      529      570      528      573      529      573
      528      572      528      571      527     1666
      527      572      528      570      528      572
      515      586      531     1668      528     1663
      501     1691      527      572      527     1669
      504     1689      527     1665      528     1667
      477   143122-pulse