Running as regular user pi
  9857433

  9831352-space

     4400     4451      531     1663      531      568
      531     1666      530     1664      529      569
      530      568      531     1661      530      570
      531      571      531     1667      530      570
      529      569      531     1661      530     1662
      530      568      531     1668      531      570
      531      568      531      568      531     1662
      531     1662      531     1662      531     1662
      530     1664      531     1668      531     1662
      530     1662      531      568      530      569
      531      569      531      568      531      571
      531      571      531      569      530      568
      531     1666      531      568      531     1666
      531      569      530      571      531     1668
      531     1665      527     1662      531      568
      532     1666      531      569      531     1666
      531     1663      521     5294     4411     4427
      531     1662      530      569      534     1663
      529     1663      530      569      530      569
      531     1662      531      570      532      571
      530     1667      530      568      531      569
      532     1662      530     1663      534      565
      531     1668      530      571      530      570
      530      569      531     1662      529     1665
      528     1662      530     1663      530     1664
      531     1667      531     1662      530     1662
      530      569      530      570      530      569
      530      570      531      571      530      574
      528      568      531      568      531     1667
      528      570      530     1668      530      568
      531      573      528     1668      531     1662
      529     1664      529      570      530     1668
      529      569      529     1667      530     1665
      521   143750-pulse