Running as regular user pi
  9124761

  9101000-space

     4407     4447      505     1688      505      596
      504     1693      504     1690      504      595
      505      596      504     1689      505      597
      505      597      505     1694      504      595
      505      595      505     1688      505     1689
      505      596      505     1695      504     1695
      529      571      505     1693      505     1688
      505     1689      504     1688      505     1689
      505     1690      505      597      505     1689
      504      596      505      595      504      596
      505      595      505      595      505      596
      505      598      504      596      505      595
      504     1688      528     1665      505     1688
      505      594      506      599      504     1695
      504     1689      505     1688      504      595
      505      596      504      596      505     1692
      505     1690      528     5296     4388     4453
      505     1691      502      595      530     1667
      505     1689      505      595      504      596
      504     1689      505      597      505      597
      505     1692      505      595      505      595
      505     1688      505     1688      505      596
      504     1695      505     1694      530      570
      505     1692      505     1689      530     1664
      505     1689      505     1688      506     1690
      505      596      505     1689      504      595
      529      571      505      595      505      594
      506      597      504      598      504      598
      504      595      505      596      504     1688
      504     1689      505     1688      530      571
      504      597      505     1695      505     1688
      506     1689      504      596      504      596
      504      595      505     1693      528     1668
      528   141414-pulse