Running as regular user pi
 16777215

     4425     4424      530     1661      530      572
      526     1668      530     1663      531      568
      529      570      530     1662      531      572
      530      570      528     1668      530      569
      529      570      529     1662      529     1665
      553      543      530     1668      531     1667
      531     1661      531     1661      531      569
      530      569      529      571      529      570
      534      567      529      573      529      570
      529      570      528     1671      528     1663
      528     1663      530     1680      512     1667
      528      570      530      570      529      571
      527      571      529      571      529      570
      532     1671      524     1667      527     1668
      530     1668      525     1664      533     1671
      517     1662      529     1662      530      570
      529      570      522     5312     4394     4429
      528     1663      531      569      530     1667
      530     1663      530      569      530      569
      530     1662      531      571      529      573
      531     1666      531      568      530      570
      529     1664      530     1663      531      568
      529     1669      531      572      529      571
      530      570      529     1664      530     1662
      532     1661      530     1663      532     1663
      531     1668      530     1662      556     1636
      531      569      529      572      528      571
      530      570      530      571      530      572
      529      571      529     1663      531     1662
      531     1661      531      569      531      570
      529      572      530     1665      530     1663
      530      569      530      570      529      571
      528     1668      530     1663      530     1667
      521     5274     4409     4428      529     1665
      530      569      529     1669      530     1662
      531      569      531      568      530     1662
      530      572      528      572      529     1669
      531      567      530      569      530     1663
      530     1662      530      569      529     1670
      529      571      529      571      530      569
      529     1663      531     1661      531     1662
      530     1663      531     1663      531     1667
      530     1662      532     1661      531      569
      529      571      530      570      529      570
      529      573      529      572      529      571
      530     1662      531     1662      531     1662
      531      568      530      570      529      572
      528     1667      530     1663      530      570
      530      569      530      569      530     1667
      531     1662      531     1666      523   135581-pulse