Running as regular user pi
 12565626

 12541829-space

     4462     4379      552     1641      503      597
      552     1647      501     1689      503      596
      553      547      551     1640      552      549
      553      549      553     1645      552      546
      504      596      502     1689      503     1690
      502      597      552     1650      548      549
      553      546      553      546      553     1640
      552     1641      502     1689      553     1640
      553     1642      552     1646      554     1640
      553     1639      504      596      553      547
      553      547      553      546      554      547
      587      515      553      546      554     1639
      552     1641      551     1641      503      596
      552      546      554      548      553     1642
      552     1640      553      547      553      547
      554      545      553     1643      505     1688
      503     1690      525     5272     4436     4403
      507     1687      504      596      553     1644
      504     1689      503      597      553      547
      553     1640      552      549      552      550
      553     1644      551      548      553      546
      554     1638      554     1640      503      596
      552     1646      552      550      554      545
      555      544      556     1638      503     1689
      551     1642      551     1641      504     1691
      554     1644      552     1641      552     1641
      552      548      553      547      553      547
      555      545      552      550      553      549
      554      546      554     1639      552     1641
      552     1643      548      547      554      546
      554      547      554     1642      550     1642
      504      596      553      548      553      546
      554     1643      552     1641      503     1693
      526   141502-pulse