Running as regular user pi
 16777215

     4442     4398      553     1639      554      546
      556     1641      554     1639      554      546
      553      547      555     1639      556      545
      556      549      580     1617      554      545
      580      518      555     1639      553     1642
      548      554      550     1641      554      549
      554      544      556      543      585     1610
      552     1640      577     1616      551     1649
      546     1638      552     1648      551     1641
      555     1636      552      547      582      518
      555      544      556      545      579      521
      581      521      582      518      583     1611
      555     1639      554     1639      554      545
      556      544      582      520      580     1615
      554     1638      553      547      580      520
      555      545      556     1641      580     1613
      581     1613      526     5275     4463     4375
      553     1639      554      545      555     1643
      553     1650      544      546      556      544
      554     1639      554      547      581      521
      582     1615      554      546      555      549
      550     1641      551     1639      554      545
      581     1618      555      546      556      544
      580      519      556     1636      580     1613
      553     1640      580     1614      552     1641
      555     1644      554     1640      579     1614
      553      546      555      544      557      543
      555      545      582      520      583      519
      557      544      555     1638      554     1639
      504     1690      554      545      555      545
      558      544      582     1613      554     1640
      552      546      557      544      558      541
      581     1616      554     1638      555     1642
      524   138043-pulse