Running as regular user pi
 16777215

     4454     4372      553     1643      552      545
      556     1641      555     1639      554      545
      556      544      555     1640      552      547
      556      546      555     1642      554      545
      555      545      556     1637      556     1643
      553      544      555     1645      552     1649
      549      545      555     1647      548     1642
      551     1637      552     1637      556     1637
      555     1640      553      548      556     1637
      555      546      554      545      555      544
      556      543      556      544      555      547
      555      546      555      544      556     1644
      552     1641      551      545      556      545
      553      545      556      552      550     1645
      551     1639      554      544      556      544
      555     1638      554     1638      554     1639
      553     1640      527     5299     4463     4380
      546     1643      550      550      549     1649
      549     1639      552      546      555      544
      559     1639      555      542      555      545
      555     1643      556      543      557      544
      556     1640      546     1640      553      546
      555     1643      554     1647      552      546
      554     1644      553     1636      555     1637
      555     1640      572     1621      551     1641
      553      549      554     1638      556      545
      555      543      555      545      554      546
      555      545      555      547      556      546
      554      545      554     1643      554     1638
      555      544      555      545      555      546
      556      546      555     1644      554     1639
      554      546      556      544      555     1638
      553     1640      553     1639      555     1641
      525   137499-pulse