Running as regular user pi
 16777215

     4408     4420      504     1691      529      570
      530     1667      531     1663      530      569
      531      569      531     1663      531      581
      521      571      531     1667      531      568
      531      569      531     1663      530     1662
      531      569      532     1668      531     1668
      532      568      531     1666      531     1662
      532     1662      531     1662      531     1662
      532     1664      530      570      531     1663
      531      568      531      569      530      569
      531      569      531      569      531      571
      531      571      530      569      531     1666
      531     1662      532      569      530      569
      531      569      530      572      530     1669
      530     1662      531      568      531      568
      532     1662      531     1662      532     1662
      530     1664      523     5302     4407     4429
      531     1662      531      569      531     1666
      531     1661      531      569      531      569
      531     1662      531      572      530      570
      531     1666      531      568      535      565
      532     1661      532     1660      532      569
      531     1667      532     1670      529      569
      531     1666      531     1661      532     1662
      531     1661      530     1663      532     1664
      531      570      531     1663      531      568
      532      569      531      569      531      568
      532      568      532      570      532      570
      532      568      532     1665      531     1663
      530      568      531      569      531      568
      532      569      533     1667      531     1662
      532      568      531      568      532     1661
      532     1661      532     1661      532     1664
      478   138455-pulse