Running as regular user pi
 16777215

      219     3667      112     1930      254   142402-pulse  2902435-space

  2875383-space

     4367     4442      527     1663      529      569
      530     1667      530     1664      502      599
      499      596      530     1662      530      571
      530      571      529     1666      530      569
      531      569      529     1665      528     1662
      504      595      530     1672      528     1676
      494      595      504     1693      503     1688
      530     1663      504     1691      527     1662
      530     1664      530      572      530     1662
      504      595      506      597      528      568
      531      569      530      569      530      571
      504      598      504      595      530     1666
      504     1688      504      595      530      569
      531     1663      504     1690      530      572
      505      597      529      569      525     1667
      530      569      530      568      529      570
      530      571      523     5295     4404     4428
      502     1688      504      596      530     1666
      530     1663      532      567      504      595
      503     1688      504      597      504      598
      503     1693      504      596      505      592
      534     1660      530     1663      504      596
      503     1694      505     1697      501      596
      530     1665      505     1688      530     1662
      529     1667      527     1661      529     1665
      503      597      530     1663      504      595
      531      568      504      596      503      595
      504      595      530      572      528      573
      504      595      531     1667      504     1689
      532      568      513      585      529     1663
      530     1665      504      598      530      573
      526      569      530     1664      504      596
      528      570      530      570      529      573
      523   141376-pulse