Running as regular user pi
 16777215

     4377     4456      500     1692      501      598
      502     1695      502     1693      499      598
      502      598      501     1691      501      601
      502      600      501     1696      502      597
      502      598      506     1687      502     1690
      501      598      502     1699      500     1697
      502      597      503     1694      503     1690
      502     1691      503     1693      499     1694
      500     1696      497      600      505     1685
      503      596      502      597      502      598
      502      598      502      598      503      599
      502      600      501      598      502     1697
      498     1692      504      597      502      600
      498      598      502      600      501     1697
      502     1690      503      597      502      599
      503     1690      502     1690      501     1693
      500     1693      553     5269     4383     4455
      502     1691      502      598      503     1694
      502     1691      502      598      503      597
      502     1691      503      598      501      601
      502     1694      503      596      502      598
      502     1691      501     1691      501      598
      501     1697      502     1698      501      598
      501     1695      503     1690      503     1687
      502     1691      501     1692      502     1693
      502      600      502     1691      503      597
      501      598      502      598      502      599
      503      596      503      600      501      600
      502      598      503     1693      503     1689
      503      597      502      598      502      599
      502      599      502     1697      502     1692
      501      598      502      598      502     1693
      500     1690      502     1691      502     1694
      526   142814-pulse