Running as regular user pi
 10243754

 10221330-space

     4433     4398      530     1663      504      596
      506     1690      529     1664      503      597
      529      571      502     1689      529      573
      503      601      528     1667      502      596
      503      596      515     1678      503     1690
      529      572      528     1670      530      572
      529      570      529      570      530     1662
      530     1663      530     1662      531     1664
      528     1665      530     1669      531     1662
      530     1663      531      568      532      568
      530      569      530      570      530      570
      531      573      528      570      532     1660
      532     1661      531      568      531     1666
      530      569      531      570      532     1668
      531     1662      530      569      531      569
      531     1666      528      568      531     1666
      532     1662      478     5347     4411     4427
      531     1662      531      569      532     1666
      530     1662      531      568      531      571
      529     1661      532      569      533      569
      532     1666      530      568      531      568
      531     1663      540     1651      531      568
      531     1667      531      570      531      569
      530      569      535     1657      532     1660
      532     1661      532     1661      531     1666
      528     1668      532     1661      558     1635
      532      568      531      569      558      542
      531      569      531      569      533      570
      531      568      532     1661      559     1635
      534      565      531     1664      533      567
      531      571      531     1667      532     1661
      534      565      532      568      532     1661
      558      541      532     1665      532     1664
      477   140167-pulse