Running as regular user pi
 16777215

     4381     4457      502     1692      501      598
      503     1696      502     1688      503      597
      504      596      504     1689      504      598
      504      598      504     1695      501      597
      507      592      503     1691      503     1689
      503      597      504     1696      501      599
      502      598      503      597      503     1690
      503     1689      504     1688      502     1691
      503     1691      501     1697      503     1691
      501     1692      504      596      503      596
      503      597      503      597      502      599
      503      599      503      596      504     1689
      503     1694      499      596      503     1693
      504      597      502      598      503     1706
      491     1691      500      601      499      599
      504     1697      494      595      503     1693
      504     1692      496     5330     4379     4466
      486     1695      497      597      502     1696
      500     1692      503      596      503      598
      503     1690      503      598      503      598
      504     1693      503      598      504      596
      501     1692      501     1692      501      599
      503     1696      504      598      503      597
      504      596      502     1691      502     1692
      504     1690      504     1689      503     1693
      504     1696      503     1690      504     1690
      502      599      501      599      503      597
      504      597      501      601      502      600
      504      596      503     1692      501     1691
      502      598      504     1694      502      599
      503      602      498     1697      503     1690
      504      596      503      596      502     1691
      502      598      504     1693      504     1692
      496   141779-pulse