Running as regular user pi
 16777215

     4431     4409      553     1640      553      546
      554     1645      551     1640      553      547
      554      546      554     1639      554      548
      554      548      555     1642      552      547
      559      540      556     1642      552     1638
      550      562      541     1647      550      549
      554      547      551      547      554     1641
      550     1641      552     1639      554     1641
      549     1643      553     1645      553     1643
      551     1639      554      548      551      546
      540      559      553      552      549      549
      553      547      555      545      554     1640
      554     1637      552      550      553     1646
      548      549      554      547      554     1644
      554     1641      549      551      552      544
      556     1637      559      540      556     1645
      548     1643      522     5315     4425     4399
      550     1640      553      546      554     1643
      554     1640      553      546      555      546
      554     1639      552      548      556      547
      554     1643      553      546      554      546
      554     1641      556     1634      552      548
      553     1649      552      547      554      546
      552      546      555     1638      553     1640
      553     1640      552     1641      553     1643
      552     1647      552     1640      553     1641
      553      548      554      545      553      548
      553      546      555      548      554      548
      554      546      554     1640      552     1641
      553      548      553     1644      553      547
      554      548      555     1645      553     1640
      553      586      516      546      554     1642
      552      546      554     1643      554     1642
      523   140684-pulse