Running as regular user pi
 16777215

     4380     4460      529     1664      528      572
      528     1668      528     1665      528      571
      529      571      529     1663      528      573
      529      573      528     1671      527      571
      529      572      527     1664      534     1661
      526      571      530     1670      528     1670
      528      572      529     1669      528     1665
      531     1661      530     1663      529     1669
      523     1670      560      538      529     1663
      527      573      527      572      530      569
      529      570      530      571      530      570
      529     1670      531     1679      513     1665
      531      566      527      572      528     1665
      528      571      536      566      528      573
      529      570      529      571      530     1663
      527     1665      528      571      529     1668
      529     1665      499     5324     4384     4454
      528     1665      528      571      529     1668
      528     1664      529      571      529      571
      529     1664      528      574      528      573
      529     1668      528      572      529      571
      529     1664      528     1665      528      571
      529     1670      529     1670      529      571
      529     1669      528     1664      528     1665
      528     1665      528     1664      528     1666
      529      573      529     1665      527      571
      528      571      529      571      529      570
      529      570      529      573      529     1670
      528     1664      529     1664      528      572
      527      572      529     1663      528      571
      529      573      529      573      529      570
      529      572      529     1663      531     1661
      529      571      503     1694      528     1667
      499   141945-pulse