Running as regular user pi
  9406263

  9381260-space

     4376     4456      500     1691      502      597
      500     1696      501     1692      502      597
      501      599      501     1692      501      600
      502      601      502     1694      511      586
      503      600      497     1695      497     1697
      498      594      502     1699      501      597
      502      600      502     1694      501     1691
      501     1691      501     1694      499     1692
      503     1689      503     1703      494     1693
      499      598      506      592      514      590
      500      597      504      595      504      598
      501     1698      500     1693      501     1693
      498      601      499      596      501     1692
      501      599      501      601      504      597
      501      598      502      597      503     1690
      501     1691      502      598      504     1693
      502     1691      526     5295     4432     4404
      502     1692      502      598      501     1696
      503     1689      504      596      502      598
      504     1689      503      598      501      600
      504     1693      502      598      503      597
      502     1691      503     1689      501      598
      501     1698      501      599      504      596
      504     1694      501     1691      501     1691
      502     1690      503     1689      504     1691
      501     1697      503     1690      501      598
      504      596      504      596      504      597
      504      596      501      601      500     1698
      501     1692      502     1690      504      596
      501      598      504     1690      503      596
      503      597      502      600      503      597
      501      598      504     1689      503     1690
      502      597      502     1694      501     1695
      524   142752-pulse