Running as regular user pi
 16777215

     4432     4407      503     1689      504      596
      503     1693      501     1691      501      598
      500      599      503     1689      504      598
      502      599      503     1696      501      600
      499      599      502     1695      495     1712
      479      600      502     1693      502     1699
      498      598      503      597      503     1689
      503     1688      503     1689      502     1690
      503     1691      504      598      504     1689
      504     1689      502      598      501      598
      503      596      502      598      502      599
      503     1692      502     1692      501     1688
      501      599      503      597      502     1690
      504      600      497      599      503      598
      502      600      500      596      505     1686
      502     1691      504      596      507     1692
      499     1692      526     5274     4429     4410
      498     1686      513      590      501     1693
      503     1690      503      597      501      598
      504     1689      501      601      501      600
      504     1693      501      599      504      596
      503     1690      501     1691      503      597
      501     1697      503     1695      501      598
      502      597      503     1689      503     1691
      501     1690      502     1690      503     1692
      501      600      503     1690      503     1689
      503      597      503      596      501      598
      502      598      502      600      503     1691
      503     1689      504     1690      503      597
      502      597      504     1689      503      597
      504      599      503      598      502      598
      504      596      502     1691      504     1689
      503      597      504     1693      504     1692
      525   140962-pulse