Running as regular user pi
 12690994

 12662444-space

     4421     4402      500     1691      504      596
      503     1693      501     1691      502      597
      549      551      500     1691      503      598
      501      601      501     1695      501      598
      504      596      503     1691      501     1688
      502      597      550     1648      502      599
      504     1689      505      594      502     1694
      502     1691      502     1690      504     1689
      550     1644      503     1695      502      598
      503     1693      504      596      503      596
      506      593      501      599      501      599
      503     1691      502     1690      501     1691
      520      579      503      597      503     1689
      504      594      504      602      499      599
      550      549      502      596      562     1629
      503     1692      503      593      502     1699
      499     1689      477     5360     4415     4406
      502     1689      501      599      502     1695
      501     1691      503      597      504      597
      503     1689      501      601      503      599
      503     1694      501      598      502      597
      504     1689      503     1690      502      598
      504     1695      503      599      502     1690
      550      550      503     1693      501     1691
      504     1689      502     1690      504     1691
      501     1697      504      596      503     1694
      502      597      503      597      503      596
      551      548      503      599      501     1693
      501     1691      502     1691      502      597
      501      599      503     1690      503      596
      503      598      501      601      549      550
      503      596      551     1642      501     1691
      504      596      501     1696      502     1693
      523   136276-pulse