Running as regular user pi
  9482772

  9452761-space

     4376     4464      501     1695      498      598
      502     1694      503     1690      502      598
      501      598      502     1693      499      600
      502      600      502     1694      502      598
      501      598      501     1691      503     1693
      497      600      501     1698      499     1701
      504      592      500     1698      497     1690
      502     1690      502     1690      502     1694
      535     1658      500      600      503     1689
      501      598      501      599      502      597
      502      599      501      599      501      599
      503     1697      502     1691      502     1690
      503      597      501      603      496     1692
      509      591      500      601      501      600
      500      599      501      598      501     1691
      501     1691      501      598      502     1695
      501     1692      524     5298     4382     4454
      502     1690      502      598      502     1695
      503     1691      500      599      501      599
      502     1690      502      600      502      600
      502     1695      500      599      501      598
      502     1690      503     1691      501      599
      501     1697      501     1698      501      598
      502     1695      501     1691      503     1689
      502     1692      501     1691      501     1694
      502      599      501     1691      501      599
      509      591      501      598      502      597
      506      594      505      596      506     1698
      497     1691      507     1686      505      595
      504      595      507     1685      507      593
      506      595      507      594      503      597
      503      596      503     1690      504     1688
      508      592      507     1689      509     1687
      478   137752-pulse