Running as regular user pi
 16777215

     4460     4376      554     1642      550      547
      580     1617      552     1640      553      545
      555      544      580     1614      553      548
      553      548      581     1615      552      545
      553      545      582     1611      580     1616
      576      519      582     1617      580     1618
      555      544      580     1617      555     1637
      553     1639      553     1640      553     1639
      555     1642      550      548      555     1638
      554      544      580      518      555      544
      581      519      555      544      557      545
      554      548      554      545      555     1643
      552     1638      554     1641      560     1631
      552      546      555      546      556     1651
      547     1637      554      545      555      549
      556      540      554      545      555     1635
      554     1639      530     5290     4459     4375
      553     1639      504      596      555     1642
      554     1639      553      548      554      544
      581     1611      555      546      580      521
      556     1641      554      545      580      519
      580     1613      554     1638      579      520
      581     1619      554     1646      553      545
      557     1641      554     1639      553     1639
      553     1641      553     1640      503     1692
      553      549      555     1638      552      548
      555      546      554      545      554      545
      556      544      555      546      580      521
      556      544      582     1616      553     1641
      553     1640      554     1640      553      546
      556      546      556     1643      581     1613
      553      545      556      544      581      518
      555      545      580     1613      581     1618
      493   138638-pulse