Running as regular user pi
 16777215

     4404     4439      530     1667      524      571
      529     1667      529     1663      529      571
      528      571      528     1673      522      571
      529      574      574     1623      533      571
      523      568      528     1670      522     1664
      528      577      528     1674      521     1665
      530      570      529     1667      529     1663
      529     1663      529     1669      524     1666
      526     1668      526      572      529     1664
      529      571      528      571      528      571
      529      570      529      572      527      573
      529      573      535      565      527     1679
      546     1642      523     1664      526     1671
      522      573      530      569      529     1675
      530     1656      530      570      529      573
      525      572      529      571      535     1669
      518     1662      523     5300     4405     4428
      529     1664      529      570      529     1668
      529     1666      527      570      529      571
      529     1664      528      573      529      572
      530     1667      529      571      528      571
      528     1664      528     1663      530      570
      528     1670      529     1671      527      570
      529     1668      530     1666      525     1662
      528     1665      529     1664      529     1666
      529      573      530     1663      529      571
      530      570      527      571      529      570
      529      570      529      572      529      573
      529      571      529     1667      530     1663
      529     1663      529     1664      528      570
      529      572      529     1673      527     1663
      528      572      529      571      529      571
      529      570      529     1664      531     1665
      524   137820-pulse