Running as regular user pi
  8421432

  8394176-space

     4397     4455      501     1690      503      596
      504     1692      504     1688      502      600
      501      595      503     1689      504      597
      504      598      504     1693      503      596
      503      596      503     1691      499     1691
      503      595      503     1697      503     1695
      502      597      503     1694      503     1689
      503     1689      504     1689      502     1689
      503     1691      503      598      503     1690
      504      596      503      596      504      595
      505      594      504      596      503      598
      504      597      504      596      504     1693
      504     1688      503     1689      503     1690
      504      595      505      597      504     1695
      503     1689      503      596      503      596
      504      595      504      596      503     1690
      502     1690      524     5299     4383     4454
      503     1690      504      595      503     1697
      501     1688      503      596      504      595
      505     1689      502      599      502      599
      503     1694      503      597      503      596
      504     1689      504     1689      504      596
      506     1694      504     1695      504      595
      503     1694      503     1688      503     1692
      501     1689      503     1689      503     1692
      504      597      504     1691      503      595
      503      596      503      596      503      596
      504      596      503      598      504      599
      504      599      501     1693      502     1690
      502     1690      503     1689      504      598
      501      598      504     1694      504     1689
      504      595      503      597      503      596
      504      595      504     1689      504     1692
      524   144945-pulse