Running as regular user pi
 16777215

     4381     4465      503     1691      504      596
      503     1694      505     1688      504      597
      502      597      504     1689      503      598
      503      599      504     1694      503      596
      505      595      504     1690      502     1690
      503      597      504     1695      503     1696
      503      597      504     1693      503     1689
      504     1689      504     1703      490     1706
      487     1692      521      580      518     1674
      520      580      519      581      502      597
      504      596      504      596      504      598
      503      600      504      595      503     1695
      504      596      504     1692      503     1689
      503      598      504      597      503     1696
      503     1690      504      595      504     1693
      503      596      502      598      504     1689
      502     1691      518     5296     4383     4456
      502     1691      503      596      503     1695
      501     1689      503      597      503      596
      504     1689      505      597      502      602
      501     1694      505      595      503      597
      504     1690      504     1689      503      596
      503     1694      504     1695      502      597
      503     1694      502     1691      513     1680
      502     1690      504     1691      502     1693
      504      598      504     1689      502      597
      502      598      502      598      504      595
      505      596      503      598      502      600
      505      594      504     1693      502      598
      504     1693      504     1689      502      597
      510      590      503     1697      504     1689
      504      595      503     1694      503      597
      507      593      512     1681      501     1694
      498   144627-pulse