Running as regular user pi
 16777215

     4456     4374      554     1639      555      545
      555     1645      553     1637      556      544
      556      544      556     1636      555      547
      555      547      556     1642      554      544
      556      543      557     1639      552     1656
      537      542      557     1646      549      550
      552     1638      560     1641      550     1636
      552     1641      551      546      554     1644
      549     1646      548     1645      556      544
      555      542      556      542      556      546
      559     1632      554      546      556      548
      557     1640      555     1637      552     1641
      555      545      555      562      538      543
      558      551      549      543      557      546
      555      544      557      542      555     1642
      553     1648      546     1638      554     1640
      553     1641      531     5295     4457     4377
      552     1642      550      544      554     1651
      546     1654      539      547      554      544
      556     1639      553      546      555      546
      556     1640      555      545      556      543
      556     1637      555     1644      548      545
      557     1643      560      540      556     1640
      562     1631      551     1637      556     1637
      555      544      557     1643      551     1643
      552     1644      554      545      556      543
      556      544      556      544      557     1637
      554      544      556      545      556     1643
      554     1638      555     1638      556      545
      556      544      557      543      557      542
      556      546      556      546      555      545
      556      544      557     1641      557     1636
      555     1638      554     1638      556     1640
      527   142013-pulse