Running as regular user pi
 16777215

     4378     4453      503     1691      501      598
      503     1695      502     1691      502      597
      502      598      502     1691      502      600
      503      600      502     1693      502      597
      503      597      503     1693      501     1694
      500      596      502     1702      498      599
      504      595      503      597      503     1693
      499     1689      503     1690      503     1690
      503     1693      500     1699      501     1691
      500     1693      499      599      504      595
      503      598      503      595      503      599
      505      599      501      599      504     1691
      497     1693      505     1687      501      600
      500      598      500      603      499     1697
      500     1691      502      596      502      598
      501      599      503     1698      494     1698
      495     1697      514     5278     4381     4456
      502     1690      502      597      502     1695
      503     1690      503      597      503      597
      502     1690      502      599      503      599
      502     1695      501      597      502      598
      503     1691      503     1689      502      598
      502     1696      502      599      502      598
      502      597      502     1691      502     1691
      502     1691      501     1691      503     1692
      502     1697      502     1690      502     1691
      501      598      502      598      503      597
      502      598      502      599      502      599
      503      597      502     1693      499     1691
      502     1691      502      597      503      597
      502      600      502     1696      499     1691
      502      597      502      598      502      598
      502     1694      502     1692      501     1694
      497   136445-pulse