Running as regular user pi
  8423094

  8395370-space

     4420     4451      528     1662      503      597
      503     1694      503     1691      502      598
      503      597      502     1690      502      600
      502      599      503     1694      502      597
      502      598      505     1690      500     1691
      502      597      503     1697      530      572
      503      597      503      597      529     1664
      529     1663      531     1662      503     1690
      529     1668      499     1698      502     1690
      503     1690      502      597      513      591
      498      598      502      597      505      599
      501      598      503      598      529     1666
      526     1668      497     1689      501      600
      501      596      503      601      500     1694
      501     1691      502      595      503      598
      507      591      504     1696      499     1695
      497     1702      516     5270     4376     4455
      502     1690      503      597      531     1666
      502     1691      530      569      503      597
      502     1690      503      599      503      599
      530     1668      529      568      503      597
      502     1690      529     1663      503      597
      503     1696      501      600      530      570
      502      598      502     1690      531     1662
      503     1691      503     1691      503     1692
      503     1696      502     1691      503     1689
      502      598      502      597      503      597
      503      597      503      600      503      599
      502      598      503     1690      503     1691
      530     1663      531      570      502      598
      503      598      503     1693      502     1690
      530      570      503      597      503      598
      502     1694      503     1690      503     1693
      524   135439-pulse