Running as regular user pi
 16777215

     4405     4427      530     1663      529      571
      528     1669      530     1666      527      570
      529      572      529     1664      530      573
      528      572      529     1667      531      570
      533      568      528     1672      523     1662
      529      570      529     1670      532      569
      529     1667      525     1666      527     1666
      526     1663      538      562      529     1667
      530     1665      529     1670      529      569
      530      570      539      563      528      570
      537     1655      528      571      528      574
      529     1674      525     1667      525     1671
      522      570      531      569      528      572
      528      572      529      571      530      574
      528      573      527      570      532     1671
      527     1665      527     1678      511     1668
      525     1671      518     5301     4406     4427
      530     1663      529      572      527     1667
      534     1659      529      570      529      570
      529     1664      529      572      528      574
      529     1668      529      571      529      570
      528     1664      530     1664      529      570
      529     1670      530      572      529     1664
      529     1664      527     1666      528     1663
      530      570      530     1668      529     1666
      530     1671      529      569      529      571
      530      570      529      571      529     1664
      529      570      530      572      530     1669
      530     1663      530     1663      530      570
      529      570      530      570      532      569
      529      573      530      572      530      570
      531      569      529     1667      529     1665
      531     1663      529     1664      529     1668
      521   143102-pulse