Running as regular user pi
 16777215

     4474     4387      554     1638      554      546
      556     1640      555     1637      555      544
      555      544      555     1636      554      548
      555      546      557     1646      549      547
      553      543      556     1636      555     1637
      554      546      556     1643      554      545
      555     1637      555      544      556     1640
      554     1638      554     1638      554     1638
      555     1639      555     1644      555      543
      556     1643      551      546      556      544
      556      543      555      544      555      547
      556      544      556      544      556     1636
      555     1638      556      543      555      544
      556      544      555      546      556     1648
      549     1637      554      545      555      544
      556     1636      553     1639      554     1640
      553     1639      497     5324     4459     4375
      555     1642      551      543      555     1641
      555     1638      554      544      555      544
      555     1639      557      542      555      546
      556     1640      557      543      556      544
      556     1636      555     1646      547      542
      556     1643      555      546      556     1636
      556      543      556     1644      550     1639
      555     1638      554     1638      555     1641
      556     1643      554      545      555     1642
      554      544      556      544      556      543
      556      545      560      541      555      546
      556      544      556     1635      554     1639
      555      544      556      544      555      543
      556      546      555     1643      556     1636
      556      544      554      545      556     1660
      531     1639      553     1638      554     1640
      498   142251-pulse