Running as regular user pi
 15636513

 15615187-space

     4377     4455      529     1662      531      568
      502     1693      502     1690      529      571
      501      597      529     1663      502      600
      502      599      503     1694      503      596
      501      598      529     1663      502     1696
      497      597      528     1670      503     1696
      502      597      502     1694      530     1667
      497     1691      502     1691      501     1691
      532     1664      526      574      501     1691
      502      597      502      597      502      598
      530      569      502      598      501      603
      498      600      502      597      503     1694
      503     1689      503      597      501      598
      502      602      497      599      528     1670
      530     1663      502      597      502      598
      503     1691      499     1691      502     1689
      503     1695      521     5302     4375     4460
      497     1691      528      572      529     1668
      529     1662      502      598      502      597
      502     1690      503      599      503      599
      503     1693      528      570      503      614
      484     1691      502     1690      530      570
      503     1697      501     1695      503      597
      502     1695      530     1662      503     1690
      503     1690      502     1697      495     1691
      531      570      502     1693      527      570
      502      597      502      597      503      597
      502      597      502      599      502      599
      502      598      502     1694      530     1662
      502      597      502      598      502      597
      502      599      502     1713      485     1690
      530      570      502      598      506     1686
      501     1691      502     1690      504     1694
      522   139052-pulse