Running as regular user pi
 16777215

     4479     4373      556     1636      556      544
      556     1641      560     1632      556      544
      556      544      558     1633      556      545
      557      545      556     1644      552      543
      557      544      557     1633      557     1635
      556      543      558     1642      554     1643
      555      545      557      542      557     1636
      555     1637      555     1638      556     1636
      556     1638      556      545      556     1636
      556     1638      554      544      556      544
      556      543      556      543      557      545
      558      544      556      543      558     1635
      555     1637      554      545      556      543
      556      543      557      545      556     1643
      556     1635      556      544      556      543
      557     1635      555     1637      556     1637
      556     1637      497     5301     4462     4375
      556     1639      554      543      555     1641
      556     1636      557      543      555      545
      557     1636      556      545      557      545
      557     1640      555      544      556      544
      556     1636      557     1638      552      545
      557     1641      556     1642      556      544
      557      543      557     1635      556     1636
      555     1638      556     1636      557     1639
      555      546      556     1636      556     1637
      555      544      557      542      557      542
      558      542      561      540      558      544
      555      543      557     1636      555     1637
      555      545      555      543      582      518
      558      544      556     1642      556     1637
      556      543      557      542      558     1635
      555     1637      557     1635      557     1638
      497   142417-pulse