Running as regular user pi
 16777215

     4426     4395      553     1639      553      546
      553     1643      553     1640      553      548
      553      546      552     1640      552      548
      555      550      551     1643      554      546
      555      545      554     1638      554     1639
      554      545      553     1646      552      549
      553      547      554     1642      553     1640
      555     1638      553     1639      553     1639
      553     1642      552     1646      555     1637
      554      546      554      546      555      544
      554      546      554      546      554      547
      553      548      555      545      555     1642
      554     1638      554      547      554      545
      555      544      554      548      555     1644
      552     1639      504      596      553      545
      556     1637      554     1639      553     1639
      553     1640      526     5302     4453     4377
      554     1640      552      547      554     1643
      553     1639      552      546      553      547
      555     1637      552      549      554      548
      555     1641      551      549      554      546
      561     1636      547     1640      552      548
      552     1647      553      548      555      545
      555     1644      552     1638      552     1640
      552     1640      553     1640      553     1642
      551     1646      552     1640      553      547
      552      547      555      544      556      548
      550      546      554      546      553      548
      555      545      554     1642      554     1639
      553      549      552      546      553      547
      554      547      555     1643      553     1639
      554      546      553      550      550     1638
      554     1640      551     1641      552     1642
      526   140558-pulse