Running as regular user pi
 11599055

 11575084-space

     4393     4448      503     1690      502      597
      502     1699      498     1690      503      597
      502      597      502     1690      502      599
      502      599      502     1699      497      597
      501      598      502     1690      501     1691
      502      597      502     1695      503      598
      502     1689      503      597      501     1701
      496     1690      503     1689      503     1690
      502     1692      502     1696      502      597
      502     1695      502      597      502      597
      503      597      502      597      502      600
      502      599      502      597      503     1689
      503     1689      503      597      501      598
      502      597      501      600      501     1696
      503     1690      502      597      502      598
      502     1690      502     1691      500     1691
      502     1691      523     5306     4372     4455
      503     1690      502      598      502     1693
      503     1690      502      597      503      598
      501     1692      501      599      502      599
      501     1695      502      597      503      596
      502     1690      507     1685      502      597
      503     1696      503      599      503     1690
      502      597      503     1697      500     1690
      503     1690      502     1696      496     1692
      502     1696      503      596      503     1694
      502      597      502      598      501      597
      502      597      503      599      502      599
      503      597      503     1690      502     1690
      502      597      501      600      499      597
      502      599      502     1696      503     1690
      502      597      503      597      502     1691
      500     1690      502     1690      501     1693
      534   141710-pulse