Running as regular user pi
 11172735

 11150455-space

     4429     4415      502     1691      501      599
      503     1694      502     1691      550      550
      551      549      551     1641      550      552
      551      550      502     1695      550      550
      501      598      551     1642      501     1690
      501      599      503     1695      501     1697
      501      598      502     1695      503     1688
      501     1690      501     1691      502     1691
      502     1693      501      617      484     1691
      501      616      484      597      502      598
      552      548      553      547      502      599
      551      550      550      549      552     1645
      502     1691      501      599      550      549
      501      599      503      598      551     1647
      502     1691      501      598      501      598
      551     1641      502     1690      500     1691
      502     1691      496     5345     4364     4455
      499     1696      497      598      502     1695
      502     1690      503      597      501      599
      549     1642      502      599      510      593
      550     1646      501      598      551      549
      552     1640      501     1691      502      598
      501     1697      552     1647      502      599
      501     1695      501     1691      551     1643
      501     1691      501     1692      499     1694
      501      601      501     1692      502      598
      503      596      502      597      552      548
      551      549      550      551      551      551
      503      597      501     1695      502     1691
      550      549      550      549      501      598
      552      549      551     1648      501     1691
      501      598      502      597      554     1638
      502     1693      500     1692      501     1695
      496   140052-pulse