Running as regular user pi
 11742269

 11713472-space

     4370     4476      491     1690      502      597
      502     1695      502     1690      502      597
      502      598      506     1688      503      598
      501      599      503     1693      502      597
      502      597      502     1695      499     1687
      503      597      502     1697      503      600
      502      597      502     1697      500     1690
      502     1690      502     1690      502     1690
      502     1695      500     1695      503     1690
      502      597      502      597      503      597
      505      595      502      597      502      599
      502      600      502      597      502     1695
      502     1690      503      597      502      596
      505      596      504      599      500     1696
      502     1700      493      596      502      599
      502     1690      503     1690      502     1690
      503     1692      526     5300     4377     4455
      503     1691      502      597      502     1694
      502     1692      500      597      502      599
      501     1690      502      599      502      599
      502     1695      502      598      502      597
      504     1693      498     1690      502      597
      502     1703      496      599      502      597
      503     1702      494     1690      502     1691
      502     1694      498     1690      502     1692
      502     1696      501     1690      502      598
      503      597      502      598      502      597
      506      595      501      600      502      599
      502      597      502     1698      498     1690
      501      598      503      597      502      598
      502      599      502     1696      504     1689
      502      597      503      599      501     1700
      489     1691      501     1690      502     1694
      526   136502-pulse