Running as regular user pi
 13379068

 13357777-space

     4404     4422      530     1664      531      569
      529     1667      529     1663      529      570
      529      571      529     1663      529      575
      527      585      516     1670      526      570
      529      570      528     1665      528     1665
      528      570      529     1670      529     1669
      529      571      528      571      529     1663
      528     1664      529     1663      530     1663
      529     1665      528      576      525     1664
      528     1662      529      571      527      572
      527      572      529      571      529      574
      528      572      528      571      528     1664
      528     1663      529      571      528      571
      529      571      528      573      529     1670
      528     1663      529      570      529      571
      529     1665      528     1669      524     1663
      530     1664      525     5277     4402     4428
      530     1662      529      570      528     1668
      529     1664      529      571      529      571
      528     1664      528      573      529      572
      529     1668      529      571      529      575
      524     1666      526     1664      528      570
      529     1669      528     1670      533      566
      529      571      528     1664      529     1664
      528     1663      529     1667      543     1649
      527      572      528     1664      528     1663
      529      570      536      564      529      571
      529      571      529      572      529      574
      528      571      528     1664      529     1666
      527      570      529      572      526      571
      528      574      529     1668      529     1664
      529      571      529      571      528     1664
      554     1639      529     1663      530     1672
      519   139057-pulse