Running as regular user pi
 16777215

     4382     4458      503     1690      502      597
      503     1696      500     1690      502      597
      502      597      503     1690      502      598
      503      599      502     1697      499      597
      506      595      506     1689      501     1695
      497      595      501     1701      497      599
      503     1690      502     1694      496     1697
      501     1689      497      598      508     1691
      501     1696      496     1702      496      600
      499      598      501      598      502      597
      502     1690      503      597      502      599
      510     1689      507     1693      496     1691
      504      593      502      608      491      599
      500      598      501      599      503      599
      502      596      502      597      503     1694
      502     1690      503     1690      503     1689
      502     1691      500     5323     4382     4453
      503     1692      500      598      502     1694
      502     1691      502      597      503      598
      502     1691      502      599      503      599
      501     1694      503      597      502      597
      503     1690      503     1689      502      598
      502     1696      502      600      502     1690
      503     1692      504     1687      502     1690
      503      597      503     1693      503     1691
      503     1696      503      597      502      597
      502      597      502      597      502     1690
      502      597      503      599      503     1696
      502     1690      502     1690      503      597
      502      598      502      597      502      597
      502      599      502      599      502      597
      502      597      502     1694      503     1689
      503     1689      503     1690      502     1694
      499   141573-pulse