Running as regular user pi
 14923432

 14901124-space

     4405     4449      528     1665      528      571
      504     1693      503     1689      504      597
      503      597      503     1689      527      575
      505      600      500     1698      499      598
      504      598      503     1688      506     1689
      526      572      502     1702      499      596
      506     1688      503     1690      528     1665
      500     1692      502      598      503     1697
      522     1670      499     1695      503      596
      504      596      503      597      503      596
      503     1689      506      594      502      599
      503     1696      527     1665      527     1666
      502      597      503      596      503      597
      503      597      502      598      504      599
      503      596      504      596      503     1694
      503     1689      527     1665      503     1690
      504     1690      499     5326     4383     4454
      528     1664      503      597      503     1694
      503     1690      503      596      503      596
      504     1690      528      573      504      598
      503     1694      528      572      503      596
      504     1690      502     1690      528      572
      503     1695      503      598      504     1691
      526     1665      527     1665      527     1666
      503      597      503     1694      512     1683
      528     1671      503      597      503      597
      504      596      503      597      503     1690
      526      573      503      598      503     1696
      527     1666      527     1665      508      592
      503      597      504      597      503      597
      503      598      504      598      503      596
      503      596      503     1695      526     1665
      528     1664      503     1690      528     1667
      499   140024-pulse