Running as regular user pi
 11785986

 11761288-space

     4346     4479      527     1661      528      571
      528     1668      530     1662      529      570
      528      571      529     1664      529      573
      527      573      528     1669      528      572
      528      571      529     1679      514     1665
      525      570      529     1674      526      573
      528     1665      528     1664      528     1664
      528     1665      528      571      527     1676
      523     1666      528     1673      524      571
      529      574      525      571      527      572
      528     1664      529      571      530      573
      527     1670      528     1666      526     1664
      528      571      528      571      532      570
      527      570      528      573      528      574
      528      571      528      572      528     1671
      526     1670      522     1665      528     1670
      534     1654      496     5335     4405     4431
      518     1667      528      570      529     1672
      522     1667      528      569      527      574
      528     1662      525      573      528      574
      528     1669      528      571      529      571
      529     1664      528     1665      529      570
      528     1671      528      573      528     1665
      528     1666      527     1665      529     1663
      529      570      529     1668      529     1666
      528     1670      529      571      528      572
      532      568      527      571      529     1666
      528      570      530      573      528     1670
      529     1663      529     1664      529      571
      528      571      529      572      528      571
      529      572      529      574      528      571
      528      572      528     1669      532     1661
      528     1663      529     1665      528     1668
      498   142447-pulse