Running as regular user pi
  8321576

  8295877-space

     4379     4463      529     1665      528      571
      503     1694      528     1664      529      571
      526      573      503     1689      530      572
      527      574      503     1694      529      571
      503      597      503     1690      528     1664
      528      571      528     1671      534      568
      528      572      503      596      503     1689
      529     1663      529     1664      529     1665
      528     1666      529     1673      526     1664
      528     1665      529      570      528      571
      504      596      503      597      528      574
      503      599      503      597      503     1692
      525     1667      528      570      503     1694
      529      570      503      599      528     1675
      524     1665      529      570      528      572
      504     1689      530      570      503     1694
      529     1664      499     5323     4383     4455
      529     1664      529      571      503     1693
      528     1664      528      571      527      573
      503     1690      530      572      503      598
      528     1669      529      570      513      586
      503     1690      529     1665      529      570
      503     1695      530      572      503      597
      502      596      503     1689      529     1664
      529     1664      528     1665      530     1664
      530     1670      529     1664      529     1664
      529      571      503      597      503      597
      528      572      503      599      507      594
      502      597      504     1690      528     1665
      528      571      527     1669      531      569
      503      598      503     1695      529     1664
      528      571      527      572      504     1689
      529      571      527     1670      529     1666
      499   143428-pulse