Running as regular user pi
 16777215

     4379     4466      502     1690      502      598
      502     1695      503     1692      501      596
      502      597      501     1691      502      599
      503      599      503     1694      502      601
      498      597      505     1695      497     1695
      496      599      499     1702      498      597
      503      597      502      598      500     1690
      501     1691      503     1689      502     1690
      501     1694      502     1701      496     1691
      502     1691      503      601      498      598
      501      599      502      597      502      602
      500      600      502      596      502     1694
      499      597      502     1698      501      597
      502      596      503      599      501     1697
      501     1690      499      598      502     1703
      497      598      500     1699      500     1691
      497     1697      491     5338     4372     4455
      498     1690      503      597      502     1694
      501     1692      502      597      502      598
      502     1692      503      599      502      601
      502     1695      501      598      502      598
      502     1691      502     1691      503      596
      501     1698      502      599      504      597
      502      598      501     1692      502     1691
      501     1691      502     1690      502     1694
      502     1697      501     1691      503     1689
      502      598      502      598      503      597
      503      598      503      598      504      599
      502      597      503     1690      502      598
      505     1693      503      597      502      598
      505      598      502     1693      501     1691
      503      597      502     1696      502      598
      502     1695      502     1691      502     1695
      477   142915-pulse