Running as regular user pi
 14528468

 14502912-space

     4401     4452      503     1688      505      595
      504     1692      504     1691      502      595
      504      595      504     1688      505      598
      504      597      504     1692      504      596
      503      595      504     1688      512     1680
      504      595      504     1698      501     1697
      526      572      504     1693      503     1689
      504     1688      504     1688      504     1688
      504     1690      504      598      504     1688
      504      605      494      596      504      595
      505      595      505      594      505      596
      505      597      505      594      505     1692
      505      595      505      594      505      595
      505      594      506      596      505     1690
      505     1688      505      593      506     1691
      506     1687      505     1687      506     1687
      505     1689      501     5320     4412     4425
      508     1685      533      569      504     1689
      533     1659      534      566      560      540
      531     1661      558      544      533      569
      530     1664      533      567      558      541
      533     1660      533     1662      530      567
      558     1641      531     1667      532      568
      532     1664      530     1666      527     1662
      531     1662      504     1689      531     1663
      532      570      558     1634      530      570
      528      571      529      571      528      570
      531      569      529      572      531      571
      530      569      530     1667      527      572
      502      598      501      597      502      599
      529      572      556     1638      530     1662
      500      600      527     1669      500     1693
      524     1667      498     1693      499     1697
      498   143273-pulse