Running as regular user pi
 11080172

 11059511-space

     4411     4430      529     1665      528      569
      532     1666      529     1664      531      568
      531      570      532     1661      530      572
      531      571      531     1666      530      569
      531      568      530     1664      530     1663
      530      570      531     1667      530      572
      531      569      530      569      530     1664
      529     1663      530     1663      529     1665
      529     1665      530     1669      529     1663
      530     1663      530      569      530      570
      530      569      531      570      532      569
      530      572      530      568      530     1664
      529      571      530      569      529     1664
      530      569      530      572      530     1669
      530     1663      528      572      529     1668
      530     1663      529      570      531     1666
      530     1664      478     5346     4411     4431
      526     1665      528      571      530     1668
      530     1663      529      570      530      570
      530     1663      528      572      531      571
      530     1667      529      570      533      566
      531     1662      530     1663      530      570
      529     1669      529      572      533      567
      530      569      530     1664      530     1663
      529     1664      529     1664      529     1666
      529     1670      530     1663      529     1664
      529      573      527      570      529      570
      531      570      530      571      530      572
      530      570      530     1663      529      573
      527      570      530     1664      529      571
      529      572      530     1669      530     1663
      529      571      530     1667      529     1665
      529      570      530     1667      528     1671
      475   138372-pulse