Running as regular user pi
 10184947

 10158765-space

     4400     4436      501     1689      504      596
      504     1693      504     1692      501      596
      503      596      503     1690      504      597
      504      598      503     1694      503      598
      505      594      504     1691      499     1689
      505      597      503     1696      503     1696
      503      596      503     1694      503     1690
      503     1689      503     1690      503     1688
      504     1692      503      598      503     1690
      503      596      504      596      503      596
      503      596      503      596      503      600
      502      598      503      596      504     1693
      504      596      503     1694      503     1689
      503      596      504      598      503     1695
      504     1689      503      596      504     1694
      503      597      503      597      503     1690
      504     1691      522     5293     4413     4426
      504     1689      503      596      506     1691
      503     1689      503      596      504      596
      504     1688      504      598      503      599
      503     1693      504      596      504      595
      504     1690      503     1690      507      593
      503     1696      504     1695      504      596
      504     1693      503     1693      500     1690
      503     1689      503     1689      504     1691
      503      598      504     1689      505      596
      503      597      503      596      504      596
      504      596      504      598      503      601
      501      596      503     1694      503      599
      501     1695      503     1690      503      600
      499      598      503     1696      504     1690
      504      595      504     1694      503      595
      503      596      504     1688      504     1692
      522   143854-pulse