Running as regular user pi
 15159807

 15135510-space

     4429     4424      529     1665      528      571
      528     1670      526     1664      529      569
      528      571      528     1664      529      573
      528      573      528     1674      524      571
      528      570      527     1665      528     1663
      529      570      530     1669      529      572
      529     1663      529      577      522     1668
      528     1664      529     1663      529     1664
      529     1665      529     1670      529      570
      532     1665      528      570      529      570
      529      570      529      572      528      574
      529      573      528      571      528     1664
      529      570      529      571      528      571
      529      571      528      573      529     1666
      529     1663      529      570      530     1667
      529     1663      529     1663      529     1665
      528     1664      525     5297     4433     4405
      529     1667      526      571      528     1668
      529     1664      529      570      529      570
      528     1664      530      571      528      573
      529     1668      528      571      529      571
      528     1664      529     1664      531      569
      529     1670      528      572      530     1664
      529      571      529     1672      525     1663
      529     1663      529     1665      528     1666
      529     1671      527      572      528     1669
      529      570      528      571      529      570
      528      577      522      573      529      572
      529      571      528     1664      528      571
      528      571      529      571      528      571
      531      570      528     1665      528     1664
      529      570      528     1668      529     1667
      526     1663      528     1663      530     1666
      525   142003-pulse