Running as regular user pi
 15671998

 15649288-space

     4406     4444      502     1690      502      597
      502     1697      498     1691      502      599
      501      598      501     1692      502      599
      501      603      499     1704      492      598
      501      598      501     1691      502     1693
      499      597      502     1697      501      600
      502      598      501     1695      501     1691
      502     1690      503     1690      501     1691
      502     1692      502     1696      503     1691
      500      597      503      596      502      597
      501      598      501      598      502      600
      501      602      499      598      501     1695
      501      598      503      597      502      598
      502      597      501      600      502     1693
      502     1693      499      597      501     1695
      502     1690      502     1692      501     1691
      501     1692      496     5332     4375     4455
      504     1689      502      597      502     1694
      501     1691      503      596      502      598
      504     1689      500      600      502      600
      501     1695      502      597      501      598
      501     1695      498     1690      503      596
      501     1696      502      600      504      595
      501     1702      494     1690      502     1690
      502     1691      501     1691      502     1693
      501     1697      501     1692      501      598
      502      597      502      597      502      602
      496      598      503      599      503      600
      501      597      502     1695      501      598
      502      598      501      599      500      598
      502      600      503     1692      501     1691
      501      598      502     1696      500     1692
      501     1690      502     1691      502     1694
      495   140465-pulse