Running as regular user pi
 16403238

 16373703-space

     4378     4451      502     1694      500      597
      502     1695      502     1691      502      598
      503      596      503     1690      502      599
      503      600      502     1695      502      598
      502      597      503     1691      502     1691
      503      597      502     1696      503     1696
      503      597      502     1700      497     1690
      503     1689      503     1689      503     1690
      502     1692      503      599      503     1690
      502      597      503      597      502      597
      502      597      503      596      503      599
      502      599      503      596      503     1695
      503      597      501      598      503      597
      502      598      503      599      503     1692
      502     1690      503      597      502     1694
      504     1688      501     1691      503     1690
      502     1690      526     5295     4380     4454
      503     1690      502      597      502     1694
      503     1689      503      597      502      597
      502     1690      502      600      502      599
      504     1693      503      596      502      597
      502     1690      502     1690      502      597
      503     1696      503     1699      499      598
      501     1694      502     1690      503     1690
      502     1690      503     1689      503     1692
      502      599      502     1690      503      598
      502      596      503      597      502      597
      502      597      502      600      502      599
      502      598      502     1698      499      598
      502      597      502      598      503      597
      502      599      502     1693      501     1691
      502      597      502     1694      502     1691
      502     1690      503     1689      503     1693
      526   137274-pulse