Running as regular user pi
 16777215

     4438     4398      584     1610      583      516
      558     1637      585     1609      585      514
      559      540      559     1633      584      537
      541      541      561     1638      583      514
      584      515      559     1633      559     1633
      588      512      559     1640      584     1614
      584      515      559      540      560     1633
      585     1608      584     1609      559     1634
      566     1628      584      517      561     1632
      584     1607      584      516      558      541
      559      541      559      540      559      542
      559      543      559      541      559     1633
      584      515      560      539      560      540
      559      541      559      543      561     1634
      584     1608      559      541      560     1637
      559     1634      585     1609      583     1608
      584     1610      496     5305     4432     4403
      581     1609      584      515      559     1637
      583     1609      583      517      558      541
      559     1633      585      516      559      543
      560     1636      559      541      559      540
      559     1636      581     1609      584      515
      560     1639      584     1615      584      517
      558      540      560     1632      559     1633
      584     1608      584     1608      584     1611
      584      517      559     1633      584     1608
      584      516      559      543      556      540
      560      540      560      541      559      542
      558      542      560     1633      585      515
      559      540      562      539      559      539
      560      543      559     1636      558     1634
      560      540      583     1613      584     1608
      572     1621      559     1633      559     1638
      497   139809-pulse