Running as regular user pi
 13962949

 13942704-space

     4385     4443      558     1638      579      518
      557     1639      584     1608      585      515
      559      541      557     1636      560      542
      584      519      586     1611      581      518
      558      542      584     1616      547     1639
      581      515      509     1689      586      517
      558      540      585      515      586     1606
      559     1633      509     1684      557     1636
      585     1610      583     1620      580     1608
      559     1634      584      517      584      516
      595      503      589      512      583      521
      582      518      583     1614      585     1610
      556      541      585     1613      507      591
      584      516      559      542      559     1636
      509      591      561      551      548     1635
      584      512      558     1646      578     1608
      585     1609      477     5346     4464     4373
      557     1636      556      545      559     1638
      557     1642      550      544      585      515
      585     1608      557      545      509      593
      507     1689      556      544      559      540
      585     1608      582     1610      557      543
      584     1615      559      544      585      514
      559      541      566     1627      556     1637
      508     1683      510     1687      507     1686
      584     1615      557     1636      558     1636
      507      592      510      590      559      541
      555      544      558      544      585      517
      585     1612      558     1637      556      542
      559     1639      556      544      557      542
      559      543      557     1637      509      591
      558      541      558     1635      558      542
      559     1638      557     1636      511     1685
      478   137988-pulse