Running as regular user pi
 16777215

     1663      243      275      255      248      242
      299      257      248      242      300     4568
      248     1944      248      851      561     1635
      533     1660      533      567      533      566
      533     1660      529      571      532      571
      504     1693      502      596      504      596
      504     1689      503     1689      503      597
      503     1695      504     1695      503      596
      503     1693      503     1689      503     1689
      504     1689      504     1690      503     1692
      503      598      504     1689      504      595
      503      596      504      595      504      595
      504      596      504      598      504      598
      503     1689      503     1689      503      595
      504      596      523      576      529      570
      504      598      504     1691      504      595
      504      596      504     1690      503     1690
      503     1689      503     1689      503     1691
      477     5321     4410     4427      503     1689
      504      595      504     1696      499     1689
      504      595      504      596      503     1689
      504      598      503      598      504     1693
      504      596      504      596      503     1690
      503     1689      504      596      503     1696
      504     1695      504      596      504     1693
      503     1690      503     1689      503     1689
      504     1689      503     1691      503      598
      503     1689      503      597      503      596
      503      596      503      596      528      571
      526      576      505      597      529     1662
      530     1664      503      596      504      595
      504      597      529      570      529      572
      504     1692      503      596      504      596
      528     1664      530     1663      529     1664
      504     1688      503     1692      476   139814-pulse