Running as regular user pi
 15088372

 15058869-space

     4425     4430      504     1691      501      595
      504     1693      530     1663      504      595
      505      595      530     1665      502      597
      531      570      531     1666      530      570
      530      569      530     1694      500     1665
      526      570      505     1695      529      573
      530      570      505      594      530     1663
      529     1664      503     1689      503     1688
      505     1691      504     1694      504     1688
      505     1689      530      569      531      569
      531      568      532      568      532      571
      504      597      530     1667      504     1688
      530      570      504      594      530     1663
      504      596      504      598      530     1669
      503      595      531      569      530     1663
      528     1664      504      595      531     1667
      529     1665      478     5347     4407     4429
      503     1690      503      596      530     1667
      531     1665      501      595      530      570
      529     1664      503      598      504      597
      529     1668      504      595      505      594
      504     1689      503     1689      504      595
      504     1694      508      593      530      570
      530      569      505     1687      504     1689
      504     1689      503     1691      528     1665
      504     1695      504     1688      529     1663
      503      597      504      595      530      569
      531      569      504      598      530      572
      531     1666      504     1692      500      595
      505      595      530     1663      503      596
      505      596      530     1672      501      596
      504      595      515     1677      505     1688
      504      596      504     1693      503     1693
      476   137226-pulse