Running as regular user pi
  7683840

  7661287-space

     4410     4433      530     1663      530      569
      531     1668      529     1662      529      570
      530      570      530     1662      529      572
      530      579      498     1696      525      569
      531      569      530     1663      530     1662
      530      570      529     1669      530     1669
      530      569      530     1667      517     1674
      530     1663      505     1688      503     1689
      530     1664      530      572      530     1662
      529      570      531      569      530      569
      531      569      530      570      530      571
      530      572      530     1663      530     1663
      529      571      529     1667      529     1663
      531      569      531      570      531     1668
      530      570      530      569      529     1664
      528      571      531      568      529     1663
      531     1664      522     5301     4411     4430
      506     1686      529      570      530     1667
      529     1662      531      569      531      569
      531     1663      529      571      529      572
      504     1693      530      569      505      596
      530     1664      502     1689      530      570
      530     1669      529     1669      530      570
      504     1693      504     1688      530     1663
      530     1663      529     1663      531     1664
      530      571      531     1663      529      569
      531      570      530      569      533      566
      532      568      530      572      530      572
      530     1662      531     1663      530      570
      530     1667      529     1663      531      569
      530      571      530     1669      529      570
      529      572      529     1662      530      569
      530      569      530     1663      529     1666
      521   140269-pulse