Running as regular user pi
 13527880

 13506113-space

     4378     4446      503     1689      503      597
      503     1694      502     1690      503      600
      504      593      501     1691      501      599
      502      599      503     1694      502      597
      502      597      502     1689      503     1689
      530      570      530     1669      529      572
      503     1689      530      570      529     1669
      528     1663      529     1663      529     1662
      529     1665      529     1669      530      570
      528     1667      529      570      529      571
      529      570      529      572      529      571
      531      571      528     1667      528     1664
      528      572      530      571      526      571
      528      572      533      568      528     1666
      528      571      527      572      527     1665
      528     1665      526     1664      527     1665
      527     1666      522     5298     4405     4433
      523     1665      526      573      526     1670
      526     1665      526      573      526      573
      527     1666      526      575      526      576
      526     1671      527      573      524      573
      528     1664      526     1666      526      573
      526     1672      526      575      526     1666
      526      574      526     1670      526     1666
      526     1666      526     1669      523     1668
      526     1672      526      573      526     1670
      526      574      525      578      521      574
      526      574      525      576      526      575
      526     1670      526     1666      526      573
      529      571      526      574      526      573
      526      576      526     1669      525      574
      528      575      529     1660      525     1667
      526     1666      526     1666      526     1670
      499   139565-pulse