Running as regular user pi
  3029387

  3001341-space

     4455     4400      548     1641      551      549
      552     1643      552     1640      553      547
      556      544      503     1689      552      549
      552      548      554     1643      553      547
      553      546      555     1638      551     1646
      498      597      552     1646      552     1646
      503      602      552     1640      553     1640
      556     1638      499     1690      502     1691
      551     1644      503      598      552     1641
      523      577      553      544      554      546
      552      547      555      544      555      574
      475      601      549     1640      552     1641
      551      548      552      548      551      547
      552      548      553      548      552     1643
      501      597      563      537      554     1637
      502     1690      554     1639      501     1692
      550     1642      525     5273     4436     4401
      549     1645      549      546      553     1646
      549     1642      553      548      552      546
      554     1638      553      549      551      551
      503     1710      486      596      553      546
      553     1639      551     1642      552      548
      553     1663      534     1661      537      563
      538     1644      552     1640      502     1691
      551     1639      551     1641      503     1691
      551      550      553     1640      503      596
      552      547      554      545      553      547
      552      547      553      548      552      549
      553     1650      541     1639      502      597
      502      596      502      597      553      546
      553      550      553     1641      503      596
      503      597      552     1640      503     1689
      554     1639      504     1690      501     1692
      496   135860-pulse