Running as regular user pi
 10775881

 10755723-space

     4401     4446      503     1692      500      597
      502     1694      502     1691      502      598
      502      597      502     1694      499      599
      504      602      498     1694      503      597
      501      598      502     1690      505     1691
      497      597      506     1701      496     1699
      497      598      501      597      519     1674
      502     1690      502     1691      502     1690
      504     1700      500      600      495     1699
      491     1692      502      597      500      598
      502      597      505      595      501      600
      503      598      504     1693      501     1693
      501      597      501      598      503      597
      503      596      502      600      504     1695
      498      597      502      598      503     1691
      501     1692      498     1692      500     1694
      499     1698      519     5273     4383     4460
      495     1690      502      597      502     1695
      502     1692      503      597      500      597
      517     1678      499      599      502      599
      502     1694      503      598      502      601
      499     1692      501     1690      502      598
      501     1697      502     1696      502      597
      503      597      502     1691      502     1690
      502     1690      505     1689      502     1692
      503      599      502     1690      502     1690
      503      598      505      598      499      597
      502      598      502      599      502      600
      502     1694      503     1691      502      596
      502      597      503      597      502      598
      502      600      502     1693      502      598
      505      594      503     1689      503     1690
      503     1690      503     1690      502     1693
      526   137878-pulse