Running as regular user pi
 11859577

 11837829-space

     4450     4401      501     1691      501      598
      501     1695      501     1691      501      598
      501      598      502     1690      502      603
      498      600      502     1694      503      597
      503      597      502     1690      501     1693
      499      597      502     1695      502      599
      501      598      502     1694      502     1695
      496     1690      502     1691      502     1690
      530     1665      529     1675      527     1667
      522      569      528      570      528      571
      530      570      533      570      526      572
      530      571      529     1665      529     1661
      529      570      529      574      526      570
      529      570      530      571      530     1666
      528      570      528      571      529     1665
      527     1663      529     1667      524     1673
      519     1667      522     5280     4413     4428
      519     1666      526      574      526     1677
      520     1667      526      571      535      563
      537     1657      526      575      526      578
      531     1664      527      572      531      568
      529     1665      524     1667      543      556
      528     1671      527      575      527      573
      525     1671      526     1668      526     1666
      528     1667      524     1667      526     1669
      526     1673      526     1668      525      573
      526      573      526      575      525      573
      526      574      527      575      526      575
      527     1666      527     1667      526      574
      525      574      525      577      523      574
      526      576      540     1664      517      574
      526      573      526     1667      526     1667
      526     1667      526     1667      525     1674
      516   139491-pulse