Running as regular user pi
 12747973

 12721580-space

     4482     4384      586     1607      585      515
      587     1612      584     1611      581      514
      586      514      586     1607      584      517
      583      519      586     1610      584      517
      584      515      584     1613      580     1608
      585      514      584     1615      584      516
      585      514      587      512      587     1606
      586     1612      580     1609      584     1609
      586     1608      586     1613      584     1607
      584     1608      589      511      585      514
      586      514      585      514      586      516
      585      518      586     1612      582     1608
      584     1609      583     1609      583      515
      587      513      586      518      594     1601
      583      515      584      514      584      515
      584      515      591     1606      579     1611
      597     1596      495     5303     4467     4370
      585     1609      585      515      586     1611
      584     1609      584      515      586      514
      587     1607      584      516      589      513
      586     1610      583      516      588      513
      585     1607      586     1607      585      515
      585     1613      584      517      585      514
      587      514      585     1607      584     1609
      584     1609      583     1610      584     1610
      584     1614      584     1610      584     1608
      584      516      587      513      587      513
      587      514      586      516      585      517
      587     1610      586     1607      584     1610
      584     1610      583      521      580      515
      586      515      587     1609      585      515
      585      515      586      514      588      512
      584     1609      585     1607      585     1611
      477   144146-pulse