Running as regular user pi
 11569819

 11541100-space

     4354     4497      528     1664      528      571
      530     1668      529     1663      529      571
      530      569      536     1656      529      572
      531      572      531     1667      529      570
      529      570      530     1666      527     1664
      528      570      530     1672      528     1670
      529      571      530     1667      530     1664
      529     1663      530     1663      530     1662
      529     1666      529      572      530     1663
      529      570      531      569      530      569
      530      570      529      570      530      571
      530      572      530     1663      528     1665
      529     1664      528      571      529      570
      530      571      528      573      530     1670
      528      571      529      571      529      569
      530     1668      529     1665      526     1664
      529     1665      478     5346     4411     4442
      519     1659      527      571      529     1667
      529     1664      529      569      530      570
      530     1665      528      573      531      571
      529     1670      526      571      528      571
      529     1663      529     1664      529      570
      530     1669      530     1669      529      570
      531     1666      529     1665      530     1666
      536     1654      528     1664      528     1666
      530      572      530     1663      529      570
      531      569      530      570      531      570
      529      571      530      571      531      571
      530     1663      530     1663      528     1664
      528      571      530      570      530      570
      530      572      529     1672      527      570
      530      569      530      570      531     1666
      529     1663      529     1662      529     1666
      478   136456-pulse