Running as regular user pi
 10877231

 10852923-space

     4379     4449      531     1663      530      570
      530     1669      527     1663      530      569
      504      595      532     1661      504      598
      504      598      530     1668      529      570
      530      570      530     1663      529     1664
      529      570      530     1668      530      571
      532      568      531      569      530     1663
      529     1664      529     1664      503     1689
      530     1665      514     1685      530     1663
      503     1689      504      595      530      570
      504      595      531      569      530      572
      531      571      530     1667      529     1663
      530     1664      504      595      504     1693
      510      589      505      599      503     1696
      504      595      531      569      508      592
      527     1670      530      570      504     1694
      529     1665      522     5293     4411     4428
      504     1689      530      570      505     1693
      503     1690      529      570      504      595
      504     1689      503      598      504      597
      530     1667      504      596      529      570
      504     1689      529     1665      502      596
      504     1696      503      598      531      570
      504      596      503     1689      530     1663
      503     1689      530     1663      529     1665
      530     1672      500     1689      504     1689
      529      570      530      571      503      596
      504      596      504      598      529      572
      511     1687      503     1689      503     1689
      503      596      506     1691      529      570
      529      573      529     1670      504      596
      504      595      504      595      533     1664
      504      596      504     1694      503     1692
      521   141990-pulse