Running as regular user pi
  8100292

  8075675-space

     4399     4456      502     1689      503      597
      502     1694      507     1686      504      595
      504      596      503     1689      503      598
      504      598      503     1697      500      597
      503      595      503     1691      502     1689
      503      595      503     1696      502     1695
      503      595      503     1693      503     1689
      504     1689      502     1689      504     1688
      503     1691      503      598      503     1689
      504      597      502      596      504      595
      503      596      504      596      503      598
      504      598      503     1690      502     1690
      503     1689      504     1689      503     1689
      504      597      503      598      503     1696
      503      596      502      597      502      597
      504      595      504      596      504     1693
      504     1689      522     5300     4388     4452
      503     1691      501      596      504     1694
      503     1690      504      595      503      598
      501     1690      502      597      504      598
      503     1693      503      597      504      596
      503     1689      504     1693      500      595
      503     1696      502     1694      504      597
      504     1693      506     1687      503     1688
      503     1690      503     1689      503     1692
      504      596      504     1690      503      597
      503      596      504      596      503      596
      504      597      506      594      503      599
      503     1690      503     1689      503     1690
      503     1691      502     1689      504      596
      504      598      503     1696      504      596
      504      596      503      596      504      596
      503      596      503     1693      504     1692
      523   142299-pulse