Running as regular user pi
  9704142

  9675360-space

     4369     4456      527     1664      529      570
      528     1668      529     1664      530      569
      529      570      531     1662      529      572
      529      573      528     1668      529      569
      529      571      529     1666      528     1668
      525      569      529     1670      530      571
      528      571      528      571      529     1664
      529     1663      530     1663      529     1665
      529     1665      529     1669      529     1663
      529     1663      530      570      529      571
      528      571      529      571      528      573
      529      572      530     1671      525      570
      529     1676      520     1666      527      571
      529      570      528      574      529     1666
      528      571      529     1669      538      562
      549      548      529     1664      530     1664
      529     1665      524     5301     4407     4430
      530     1662      530      570      529     1668
      530     1663      530      569      530      570
      530     1663      529      572      530      573
      529     1668      530      570      529      571
      529     1664      530     1662      530      570
      530     1670      530      572      529      570
      528      571      529     1664      528     1663
      530     1663      530     1663      530     1665
      530     1670      529     1664      530     1663
      529      570      529      571      528      571
      529      571      529      572      530      573
      529     1669      529      570      530     1667
      529     1665      529      570      529      571
      530      573      529     1669      527      570
      529     1669      529      572      530      571
      529     1664      529     1663      529     1667
      523   136506-pulse