Running as regular user pi
  8986477

  8957961-space

     1316      249      218      211      235      251
      243      213      235      248      248      250
      245     4665      243     1947      245      854
      245     1951      245     1948      244      855
      244      858      242     1948      245      857
      245      856      245     1951      245      855
      245      854      245     1951      242     1949
      242      855      243     1954      245     1954
      245      855      244     1952      246     1947
      517     1676      532     1660      533     1660
      532     1663      532      570      532     1660
      532      568      533      566      533      567
      531      568      514      586      532      569
      531      570      532     1659      532      567
      533     1663      533      566      533      566
      533      567      531      569      532     1666
      534      566      531     1666      532      567
      533     1664      533     1659      507     1685
      533     1661      504     5310     4412     4428
      529     1660      533      566      532     1665
      535     1655      534      566      532      567
      533     1660      533      568      534      568
      532     1664      533      567      532      567
      533     1659      534     1659      532      568
      533     1668      531     1668      531      566
      532     1664      559     1632      534     1661
      530     1659      533     1659      564     1629
      534      568      532     1660      532      567
      559      540      533      567      533      567
      533      566      533      569      533      569
      532     1662      531      566      533     1663
      533      566      533      567      533      566
      533      569      533     1666      534      565
      534     1662      533      566      534     1663
      533     1659      559     1633      534     1661
      530   136207-pulse