Running as regular user pi
  8411999

  8386678-space

     4405     4433      529     1662      530      568
      531     1665      531     1663      528      568
      531      569      531     1661      530      571
      531      570      530     1669      528      568
      531      568      532     1661      531     1662
      531      569      530     1668      531      570
      531      568      531      568      529     1664
      529     1662      531     1662      531     1662
      529     1665      530     1669      530     1662
      530     1663      529      568      530      569
      531      568      531      569      530      571
      531      571      530     1666      530      570
      530     1666      530      569      530     1666
      530      570      529      572      530     1670
      502      595      530     1667      512      587
      529     1667      530      569      531     1666
      530     1665      476     5329     4409     4428
      503     1689      533      566      531     1666
      529     1663      530      569      530      570
      529     1664      529      572      505      597
      529     1667      529      570      529      570
      530     1663      529     1667      499      596
      504     1695      503      598      530      569
      531      569      530     1662      529     1666
      501     1688      529     1663      530     1665
      529     1668      530     1664      528     1663
      529      571      530      569      530      570
      529      569      530      575      527      571
      530     1666      530      569      530     1666
      530      569      530     1666      532      567
      530      571      531     1668      530      569
      529     1667      530      569      530     1666
      528      571      530     1666      530     1666
      520   143030-pulse