Running as regular user pi
  9022306

  8998908-space

     4379     4454      503     1689      504      596
      503     1697      500     1690      503      596
      504      595      503     1690      502      599
      503      598      503     1699      501      595
      502      595      503     1690      503     1689
      503      596      504     1695      503     1695
      504      595      504     1693      504     1689
      507     1686      503     1688      504     1689
      504     1690      502      599      504     1689
      503      596      503      597      503      596
      503      596      503      596      504      598
      504      598      503     1691      503      595
      503     1694      503     1690      503     1690
      503      596      503      599      503     1695
      503      596      504     1693      503      596
      503      596      503      597      503     1694
      503     1691      525     5292     4380     4455
      504     1689      503      596      504     1693
      504     1689      503      595      504      595
      504     1689      502      599      503      598
      504     1693      503      596      503      596
      504     1693      500     1690      503      596
      502     1697      503     1696      503      596
      504     1695      500     1689      504     1688
      503     1688      504     1689      503     1692
      501      598      504     1689      503      596
      504      596      503      596      504      595
      507      592      504      597      503      598
      504     1691      502      596      502     1694
      503     1688      504     1689      502      597
      504      598      504     1695      503      595
      503     1694      502      596      504      596
      504      596      504     1693      503     1692
      525   141098-pulse