Running as regular user pi
 16777215

     4381     4450      528     1665      528      572
      528     1672      526     1664      528      572
      529      572      528     1664      503      599
      528      575      527     1673      524      572
      528      572      528     1664      503     1690
      502      598      526     1670      503      598
      528      572      542      558      528     1666
      527     1668      523     1665      527     1665
      528     1666      528     1672      502     1691
      527     1665      502      597      504      595
      528      572      529      570      503      598
      528      574      528     1669      503      597
      516      583      528     1665      502      597
      502      597      528      573      529     1666
      502      597      503     1694      502     1691
      502      597      502     1696      502     1690
      502     1691      500     5324     4382     4455
      503     1690      503      597      503     1694
      502     1690      502      598      501      598
      504     1689      502      599      502      599
      503     1695      502      598      502      598
      503     1694      499     1690      502      597
      503     1696      502      599      503      597
      503      597      505     1688      503     1691
      502     1690      502     1691      502     1693
      504     1695      502     1690      502     1691
      502      597      503      597      528      571
      528      572      528      573      529      573
      527     1670      528      571      503      597
      528     1670      499      597      528      572
      527      574      528     1667      502      598
      502     1694      528     1665      528      571
      527     1669      529     1664      528     1668
      500   140533-pulse