Running as regular user pi
 11976206

 11948461-space

     4422     4427      528     1662      531      568
      530     1667      530     1662      531      569
      533      566      530     1663      530      572
      530      571      531     1667      529      570
      531      569      532     1667      529     1660
      528      570      530     1669      530     1669
      531      568      530     1667      529     1663
      530     1663      530     1662      531     1662
      530     1666      530      571      531     1663
      530      569      530      570      537      564
      531      568      530      569      530      572
      530      571      531     1662      530      569
      531      569      530      571      530      568
      531      569      530      571      531     1668
      531      569      531     1667      530     1662
      530     1663      530     1663      529     1664
      530     1664      523     5300     4414     4424
      531     1663      530      569      530     1670
      528     1663      530      569      531      568
      531     1663      530      572      530      571
      531     1667      530      569      530      570
      530     1663      529     1663      529      569
      531     1673      525     1671      529      570
      530     1666      530     1664      530     1667
      526     1662      530     1663      530     1666
      529      572      531     1662      530      569
      531      568      531      570      530      569
      531      569      530      571      531      571
      531     1667      616      479      535      564
      531      568      531      569      531      568
      531      571      530     1669      534      566
      530     1667      530     1663      530     1663
      529     1664      504     1689      529     1667
      522   135416-pulse