Running as regular user pi
  8123035

  8099035-space

     4380     4457      503     1708      485      595
      504     1693      522     1671      503      596
      504      596      504     1690      503      598
      504      597      504     1697      499      596
      503      596      504     1688      505     1687
      503      597      502     1695      503      597
      504      596      503      596      504     1688
      504     1689      504     1689      502     1698
      495     1691      503     1696      504     1689
      504     1689      504      596      503      596
      504      595      505      595      504      598
      503      597      504     1693      504      596
      504      596      503      596      503     1693
      503      597      504      597      504     1698
      501      596      504     1693      503     1689
      504     1689      503      596      502     1693
      503     1691      476     5348     4371     4455
      503     1691      501      596      503     1693
      503     1689      504      595      504      595
      504     1689      503      598      503      598
      502     1693      503      596      503      595
      504     1689      504     1687      504      596
      503     1695      512      589      503      595
      504      596      503     1688      504     1689
      503     1689      505     1689      503     1691
      504     1695      503     1689      502     1690
      504      596      504      596      504      596
      504      598      502      598      504      597
      503     1693      504      595      504      596
      503      596      503     1694      503      608
      491      613      489     1694      503      595
      504     1693      503     1689      503     1689
      503      597      503     1694      502     1692
      476   141761-pulse