Running as regular user pi
  8251086

  8226563-space

     4374     4452      504     1690      503      597
      503     1693      506     1688      503      597
      504      596      504     1689      504      599
      503      599      503     1694      503      596
      504      596      504     1690      503     1690
      504      597      503     1697      502     1696
      504      596      503     1694      503     1690
      503     1691      503     1690      528     1665
      503     1692      502      599      503     1691
      503      597      503      597      503      597
      503      597      502      598      529      573
      503      599      502     1691      527      573
      527      572      502     1693      501     1691
      502      598      503      600      527     1672
      502      598      528     1670      502     1691
      527      573      502      598      528     1666
      527     1667      477     5345     4411     4428
      530     1665      526      572      529     1669
      528     1666      527      571      530      571
      529     1665      528      574      528      574
      528     1669      528      571      529      572
      528     1665      528     1665      529      570
      530     1670      529     1671      529      571
      530     1669      528     1664      529     1664
      528     1665      528     1666      527     1668
      527      575      527     1667      527      573
      527      573      527      574      528      572
      528      572      529      574      528      573
      529     1664      529      571      529      571
      529     1664      529     1664      528      572
      528      574      527     1672      526      572
      527     1671      500     1694      500      600
      499      600      500     1694      499     1697
      497   142242-pulse