Running as regular user pi
  9380532

  9351489-space

     4402     4452      506     1687      502      598
      502     1694      503     1689      503      597
      503      597      505     1687      503      599
      503      600      502     1693      503      597
      503      597      503     1691      503     1695
      498      596      507     1692      503      599
      502      598      501      597      512     1683
      501     1690      503     1689      503     1690
      502     1693      502     1696      528     1668
      500     1690      503      597      503      597
      505      598      501      595      503      599
      503     1694      501     1694      499      596
      504      599      500     1691      503      597
      501      597      528      575      527      574
      503      597      528     1665      528     1666
      527      571      529     1669      530     1663
      529     1666      499     5303     4384     4454
      527     1666      503      596      503     1693
      504     1689      504      597      503      597
      503     1689      504      599      504      597
      505     1696      501      595      505      595
      505     1688      504     1688      505      595
      505     1694      506      596      505      594
      506      593      506     1687      505     1688
      506     1688      508     1684      506     1689
      505     1693      505     1688      506     1687
      506      594      506      595      505      594
      531      568      531      571      531     1665
      506     1691      502      594      532      568
      531     1662      531      569      531      569
      531      571      530      571      533      568
      530     1663      529     1663      530      569
      531     1667      529     1663      530     1666
      499   136777-pulse