Running as regular user pi
 11905422

 11877460-space

     4424     4424      504     1689      503      595
      530     1667      504     1688      504      595
      507      592      504     1688      529      571
      505      597      505     1692      504      595
      530      570      504     1689      503     1688
      530      569      504     1694      504     1694
      505      595      504     1693      504     1688
      504     1689      529     1663      504     1688
      504     1691      504      602      500     1689
      503      595      504      596      503      596
      503      595      504      596      504      597
      504     1695      504     1689      503      596
      504      595      504      596      504      595
      504      596      504      597      505      597
      504      595      504     1693      503     1693
      500     1688      504     1689      503     1688
      504     1690      522     5299     4413     4425
      504     1688      504      595      504     1695
      527     1663      503      596      504      596
      503     1689      503      598      504      597
      504     1694      503      596      504      596
      503     1689      505     1688      504      596
      505     1693      504     1694      504      595
      504     1693      503     1688      504     1692
      501     1689      504     1688      504     1691
      503      597      504     1689      503      595
      504      596      503      596      503      598
      502      595      504      597      504     1695
      507     1684      505      595      503      596
      504      595      504      595      504      595
      504      597      504      597      504      595
      505     1692      504     1688      504     1689
      503     1688      503     1688      503     1692
      522   135675-pulse