Running as regular user pi
  8451806

  8427476-space

     4406     4426      501     1692      527      572
      502     1697      499     1691      502      598
      502      597      528     1665      503      599
      502      599      503     1696      500      597
      502      597      502     1691      502     1691
      502      598      503     1696      528      573
      528      572      502      597      502     1690
      529     1664      528     1665      502     1691
      502     1693      527     1671      502     1690
      502     1690      503      597      502      597
      502      597      502      597      502      599
      502     1692      526     1666      527      572
      502      597      502      600      498     1694
      502      597      502      599      502      604
      522      572      503     1694      502     1690
      502     1690      502      597      502     1694
      502     1691      522     5300     4412     4424
      502     1692      500      597      501     1695
      528     1664      502      597      528      572
      528     1665      502      599      502      599
      502     1694      502      598      502      597
      501     1690      528     1668      499      597
      502     1697      501      599      502      597
      527      573      502     1690      502     1690
      502     1691      502     1690      502     1692
      527     1672      501     1690      502     1691
      527      572      502      598      501      597
      502      598      530      570      503     1692
      528     1665      501      598      502      598
      509      591      527     1670      501      598
      527      575      527      575      501      597
      502     1695      502     1690      502     1691
      527      573      527     1670      502     1693
      522   142013-pulse