Running as regular user pi
 12182242

 12154658-space

     4396     4456      501     1689      504      595
      504     1693      503     1689      505      595
      503      597      503     1690      503      598
      504      598      504     1693      503      597
      505      595      504     1694      500     1690
      503      597      503     1696      504     1695
      503      596      503     1693      505     1689
      503     1690      503     1690      504     1689
      504     1692      503      598      504     1689
      503      596      504      597      502      597
      503      596      503      596      504      598
      504     1696      502     1691      503      596
      504      595      503     1690      504     1689
      503      597      504      597      504      598
      505      595      503     1694      504     1689
      503      597      503      596      503     1691
      503     1690      520     5301     4384     4453
      504     1689      504      596      504     1693
      502     1690      503      597      503      597
      504     1690      503      598      504      598
      504     1694      503      597      504      595
      504     1689      504     1689      504      596
      504     1697      501     1694      504      596
      503     1694      503     1689      503     1690
      503     1690      503     1691      503     1692
      502      598      503     1690      502      597
      503      596      504      595      504      596
      503      597      503      598      503     1698
      502     1689      503      597      503      597
      503     1690      502     1690      504      595
      505      597      504      598      504      596
      503     1695      502     1691      504      596
      503      597      503     1690      504     1691
      520   135276-pulse