Running as regular user pi
 11176759

 11150433-space

     4399     4469      502     1692      502      598
      502     1696      502     1692      501      598
      502      598      502     1690      502      600
      503      599      501     1695      503      598
      504      596      518     1682      497     1697
      497      596      504     1694      502      599
      502      598      503      597      503     1690
      502     1691      502     1691      502     1692
      503     1691      502     1701      498     1692
      501     1691      504      596      502      599
      500      607      494      598      502      599
      503     1695      499     1690      505      596
      501     1695      502     1691      502      597
      502      599      502      599      502      600
      502      597      503     1690      503      596
      503      598      502     1690      502     1691
      502     1692      526     5274     4382     4456
      503     1691      503      597      502     1695
      502     1690      502      598      502      597
      503     1690      503      598      502      600
      501     1696      502      598      502      599
      502     1690      502     1691      501      599
      501     1696      502      600      502      597
      502      597      503     1692      503     1690
      503     1690      502     1691      502     1693
      503     1696      503     1690      502     1691
      502      598      502      597      502      598
      503      597      502      600      502     1694
      502     1690      503      597      502     1695
      502     1689      502      603      498      598
      502      600      502      599      502      599
      502     1690      502      597      501      599
      503     1691      501     1691      502     1694
      526   144028-pulse