Running as regular user pi
  9045676

  9019792-space

     4376     4477      502     1689      503      596
      505     1692      556     1639      555      542
      504      596      504     1689      504      598
      504      597      504     1694      503      598
      503      596      502     1688      504     1690
      503      596      503     1696      503     1695
      504      596      503     1693      504     1689
      556     1636      504     1689      503     1689
      503     1692      503      598      504     1688
      504      599      500      596      505      595
      504      595      505      595      504      598
      504     1696      557     1636      503      597
      503     1693      504      596      504      595
      504      595      504      598      504      598
      503      596      504     1693      504      594
      504     1694      503     1690      503     1689
      505     1691      520     5294     4410     4428
      505     1688      504      598      554     1640
      504     1690      503      596      504      595
      504     1689      504      598      503      599
      503     1693      504      596      503      596
      504     1689      503     1689      507      592
      504     1695      503     1695      504      596
      504     1693      504     1691      553     1638
      503     1690      503     1689      504     1691
      503      598      504     1690      503      596
      503      595      504      596      504      596
      503      596      503      598      508     1691
      503     1689      503      596      504     1692
      504      596      504      595      503      598
      502      597      529      572      529      570
      529     1668      528      570      530     1668
      528     1667      527     1664      528     1667
      519   143562-pulse