Running as regular user pi
  8672018

  8648326-space

     4400     4452      504     1689      504      596
      503     1695      501     1689      503      596
      503      595      504     1688      503      598
      504      598      503     1698      498      596
      503      596      504     1688      504     1689
      503      596      504     1695      503      598
      504      596      503      596      504     1689
      503     1689      506     1688      501     1689
      503     1691      504     1695      504     1690
      502     1689      503      595      504      596
      504      595      503      596      502      598
      504     1691      502     1690      502      597
      502     1695      503      597      503     1694
      502      601      499      599      503      598
      504      596      503     1694      503      596
      503     1693      503      597      503     1693
      502     1691      519     5295     4383     4453
      504     1692      500      597      503     1693
      503     1690      503      596      503      596
      503     1691      502      598      503      598
      504     1693      503      597      503      596
      503     1690      506     1686      502      597
      504     1695      503      598      503      597
      503      597      503     1691      502     1689
      503     1690      503     1689      502     1692
      505     1694      502     1688      503     1690
      503      597      504      596      503      597
      506      593      503      598      504     1690
      503     1689      503      597      503     1693
      502      600      501     1692      504      596
      503      598      503      598      503      596
      503     1693      503      597      502     1695
      501      597      503     1693      503     1693
      519   141394-pulse