Running as regular user pi
  8355297

  8332918-space

     4381     4447      504     1689      504      596
      503     1693      504     1689      503      595
      504      596      504     1688      504      597
      505      602      499     1695      501      597
      500      596      504     1689      503     1691
      503      595      504     1695      503     1695
      504      595      504     1692      504     1690
      503     1688      504     1689      503     1689
      503     1692      503      599      503     1691
      502      596      505      595      503      596
      503      596      504      595      504      598
      504     1695      503     1689      504      596
      503     1692      504     1688      504     1689
      503      596      504      597      504      598
      504      596      503     1694      504      596
      504      596      504      596      504     1693
      504     1690      526     5292     4380     4457
      502     1690      504      595      503     1695
      504     1688      504      595      504      596
      506     1687      502      599      504      597
      504     1693      504      597      504      595
      503     1695      499     1690      502      596
      504     1695      504     1694      504      595
      508     1690      504     1688      504     1689
      503     1690      505     1689      503     1691
      504      597      503     1689      504      596
      504      595      504      596      508      592
      504      596      504      598      503     1695
      504     1689      503      597      504     1695
      501     1689      503     1690      503      596
      505      598      503      599      503      597
      503     1694      503      596      503      597
      504      596      503     1693      503     1692
      526   140060-pulse