Running as regular user pi
 13594028

 13569394-space

     4385     4445      555     1638      507      592
      557     1641      510     1682      506      593
      555      545      555     1638      508      593
      557      545      507     1691      507      593
      516      582      555     1637      507     1686
      555      545      555     1646      505      593
      556      543      557      543      558     1636
      506     1686      507     1685      509     1684
      508     1688      508     1692      509     1684
      508     1691      501      592      507      593
      543      557      506      615      486      593
      507     1687      509      591      506      595
      555     1636      508     1686      554      547
      507      592      554      547      557      545
      556     1643      505     1685      508      591
      555      545      556     1636      506     1687
      507     1685      500     5298     4438     4400
      508     1685      506      594      508     1688
      555     1637      509      591      556      544
      508     1684      509      593      508      594
      506     1691      508      592      508      592
      556     1636      509     1686      508      592
      507     1693      507      595      508      591
      555      545      507     1686      507     1686
      507     1686      510     1683      508     1688
      507     1692      508     1685      508     1684
      508      592      508      592      508      592
      507      593      508      594      508     1687
      507      593      507      592      508     1685
      508     1684      510      590      506      594
      558      545      508      593      557     1640
      508     1685      555      544      508      592
      507     1687      505     1687      508     1688
      477   142417-pulse