Running as regular user pi
 12033564

 12007508-space

     4404     4426      526     1665      529      571
      528     1668      528     1666      526      571
      528      571      529     1662      529      572
      529      572      528     1667      530      571
      529      570      529     1664      529     1664
      529      570      528     1669      530     1670
      528      571      529     1668      529     1664
      528     1663      528     1665      502     1691
      528     1666      528      574      529     1664
      529      571      528      570      530      570
      529      570      530      570      529      572
      529     1669      528      571      528      572
      529     1664      528      571      529      570
      530      571      529      572      529      573
      529     1664      532     1661      527      571
      529     1668      529     1664      528     1665
      528     1665      478     5344     4413     4425
      529     1665      528      571      531     1666
      529     1664      529      570      529      571
      529     1664      530      572      529      572
      529     1668      528      572      528      571
      530     1663      528     1664      531      568
      530     1669      529     1669      529      571
      528     1669      501     1693      525     1665
      528     1664      527     1665      527     1666
      527      574      529     1664      529      571
      529      570      530      569      530      570
      530      570      529      572      528     1674
      525      572      527      572      529     1664
      528      572      529      571      529      571
      529      574      527      572      529     1664
      529     1663      529      571      529     1668
      528     1664      529     1664      529     1667
      477   143825-pulse