Running as regular user pi
  7481399

  7453252-space

     4367     4478      500     1690      504      595
      504     1693      503     1689      503      597
      506      593      504     1689      503      598
      504      598      503     1693      503      596
      503      596      503     1691      500     1689
      503      597      502     1696      503      598
      503      596      503      596      504     1689
      504     1689      502     1689      528     1664
      504     1690      529     1669      528     1664
      529     1664      503      597      527      573
      528      570      527      572      527      574
      528     1666      528      572      520      580
      528     1665      527      572      528     1669
      528      571      529      573      528      573
      527     1665      527     1664      528      571
      527     1670      528      570      528     1669
      528     1665      477     5343     4412     4424
      529     1663      529      571      528     1668
      531     1662      528      571      528      571
      528     1664      529      573      529      573
      527     1669      527      572      527      571
      529     1665      527     1664      528      571
      529     1669      529      573      528      571
      530      570      529     1663      529     1664
      529     1666      525     1664      528     1666
      528     1670      528     1664      528     1664
      527      572      527      572      527      572
      527      572      527      575      527     1667
      527      575      525      572      527     1665
      527      571      528     1668      528      571
      529      573      528      576      526     1664
      528     1664      527      572      526     1670
      526      574      525     1671      525     1671
      497   135903-pulse