Running as regular user pi
  8380055

  8358806-space

     4454     4409      504     1688      509      592
      551     1646      502     1690      503      597
      504      596      554     1639      503      598
      505      598      554     1645      549      545
      555      546      554     1638      503     1691
      502      596      505     1694      503     1696
      503      596      503     1694      507     1685
      552     1640      552     1641      553     1640
      504     1693      501      598      505     1687
      503      595      554      546      554      545
      555      544      554      546      554      547
      581     1618      553      546      505      595
      553     1640      503     1688      552     1642
      503      595      554      547      503      599
      553     1638      553     1640      503      596
      552      547      555      544      556     1640
      552     1641      520     5305     4458     4378
      550     1639      505      595      553     1642
      503     1690      504      595      553      546
      556     1637      554      548      553      548
      554     1643      503      595      505      598
      553     1637      553     1639      503      596
      555     1644      504     1696      503      596
      553     1643      504     1688      504     1688
      504     1690      504     1689      503     1691
      504      599      553     1639      553      546
      554      546      508      592      555      545
      556      544      556      545      505     1694
      504      596      554      545      557     1635
      504     1688      504     1689      553      547
      554      547      505      596      554     1639
      503     1690      503      595      555      545
      553      545      505     1692      553     1643
      519   138948-pulse