Running as regular user pi
 16777215

     4452     4372      554     1639      551      548
      554     1642      553     1640      503      596
      504      596      553     1642      550      548
      553      549      553     1642      504      596
      552      547      574     1618      505     1690
      553      543      553     1646      551      550
      553      546      553      546      503     1689
      553     1639      504     1688      554     1639
      554     1640      554     1645      554     1639
      554     1640      551      547      581      517
      557      543      559      540      507      595
      506     1689      505      593      508      591
      507      593      507     1689      509      590
      557      543      509      593      557      546
      506     1688      505     1687      504     1689
      507      592      507     1689      506     1686
      508     1685      500     5324     4432     4403
      507     1685      506      593      507     1688
      509     1683      509      592      506      593
      506     1686      507      595      507      594
      506     1690      507      594      505      592
      507     1686      508     1685      509      591
      509     1690      508      595      505      593
      506      593      507     1684      509     1683
      509     1685      508     1684      507     1687
      509     1689      509     1684      509     1684
      508      591      509      590      509      591
      509      591      508      594      509     1686
      509      591      509      590      510      590
      509     1687      510      591      510      590
      510      592      509      592      509     1692
      506     1683      509     1684      509      590
      510     1687      509     1684      509     1686
      477   137457-pulse