Running as regular user pi
 11653826

 11629009-space

     4405     4441      529     1663      529      570
      529     1669      506     1686      529      570
      530      571      528     1665      529      571
      503      599      529     1667      530      569
      527      572      528     1669      525     1663
      503      596      530     1669      529     1670
      503      596      528     1669      529     1663
      529     1663      529     1663      529     1664
      504     1691      530      571      503     1690
      529      570      530      570      529      571
      503      596      529      571      529      573
      529     1670      530      570      503      597
      528      571      530      570      529      572
      529      570      529      572      530      573
      528     1672      525     1663      512     1681
      529     1664      528     1664      529     1664
      529     1665      477     5345     4410     4427
      530     1664      529      570      503     1694
      529     1663      529      569      529      570
      529     1664      527      574      529      572
      529     1668      530      570      502      597
      529     1664      528     1664      530      570
      503     1696      529     1670      529      570
      530     1667      530     1664      529     1663
      529     1664      529     1664      530     1665
      529      572      528     1665      530      569
      529      570      529      570      510      589
      529      570      533      569      529     1670
      529      571      529      569      528      572
      529      570      530      569      529      571
      528      574      528      572      529     1667
      529     1663      528     1665      503     1689
      530     1663      530     1663      529     1667
      477   142556-pulse