Running as regular user pi
  9535905

  9510297-space

     4380     4457      502     1690      503      597
      503     1694      503     1692      499      596
      505      595      503     1689      504      597
      502      599      503     1694      504      595
      503      597      503     1689      504     1688
      503      596      503     1696      504      597
      504      595      505      595      503     1690
      502     1690      504     1689      504     1689
      503     1691      502     1696      503     1689
      503     1690      504      595      505      595
      502      597      505      595      504      598
      504     1691      503      596      502      597
      504      595      504      596      504     1689
      504      595      504      597      504      599
      502     1694      499     1690      502     1689
      504     1689      504      596      504     1693
      504     1690      522     5275     4386     4451
      503     1690      505      595      503     1693
      504     1688      504      596      503      596
      503     1689      504      598      503      598
      502     1694      502      597      503      597
      503     1689      504     1689      504      596
      503     1695      504      598      502      597
      504      596      503     1691      504     1689
      501     1690      505     1688      503     1692
      503     1695      504     1688      503     1688
      505      595      505      595      503      596
      504      595      504      598      506     1689
      503      595      504      595      505      595
      503      597      504     1688      504      595
      503      598      503      597      505     1688
      504     1688      504     1688      504     1688
      504      595      503     1694      504     1691
      523   143358-pulse