Running as regular user pi
  8818939

  8790444-space

     4423     4456      502     1688      504      596
      504     1693      503     1689      504      596
      504      598      501     1690      504      598
      503      598      504     1694      504      595
      504      595      503     1694      503     1686
      503      596      505     1696      502     1696
      503      596      503     1694      503     1690
      508     1685      505     1688      504     1689
      503     1691      504      598      504     1688
      504      596      504      596      503      597
      503      597      503      595      504      599
      502     1696      504      596      503      596
      504      595      504     1693      503     1690
      504      596      503      598      504      598
      503     1690      504     1690      503     1690
      503      597      502      598      504     1690
      502     1691      521     5302     4384     4456
      502     1688      504      595      504     1694
      503     1690      504      595      503      597
      503     1690      503      600      503      599
      504     1693      503      596      503      596
      504     1690      503     1689      503      596
      504     1697      501     1695      503      596
      503     1701      496     1689      503     1693
      501     1690      503     1690      503     1692
      503      598      503     1690      502      598
      504      595      503      597      504      595
      503      596      503      598      504     1695
      502      598      503      597      504      596
      503     1693      503     1690      503      596
      504      599      503      601      500     1691
      502     1690      504     1690      504      595
      505      595      503     1691      503     1692
      520   136160-pulse