Running as regular user pi
 16777215

     4382     4459      529     1662      530      570
      529     1668      530     1664      530      569
      529      571      528     1664      529      573
      529      573      529     1669      530      571
      528      573      534     1656      529     1664
      529      571      529     1674      526      572
      530      570      527      572      532     1662
      529     1663      528     1664      530     1663
      530     1666      530     1669      529     1663
      529     1664      530      570      529      571
      527      573      527      572      528      575
      527     1669      527      571      529     1672
      526      569      529     1668      529      571
      527      572      528      575      527      574
      528     1670      529      570      529     1668
      530      570      528     1669      530     1663
      529     1667      498     5317     4383     4455
      531     1663      530      570      529     1669
      528     1664      528      571      529      572
      528     1665      529      572      530      572
      529     1668      529      572      527      572
      502     1690      530     1663      530      571
      531     1667      528      573      529      571
      528      573      529     1664      529     1664
      530     1663      529     1664      528     1666
      529     1670      529     1664      529     1664
      529      571      529      571      528      572
      528      572      528      574      529     1668
      527      570      529     1669      528      572
      528     1669      529      571      529      571
      529      575      526      575      504     1693
      529      572      529     1667      530      570
      528     1669      527     1665      528     1668
      500   144785-pulse