Running as regular user pi
 16777215

     4349     4474      532     1664      529      568
      532     1665      531     1661      530      570
      531      568      532     1661      531      570
      530      572      530     1666      530      569
      530      569      530     1663      531     1661
      530      569      530     1671      530     1668
      540      558      530     1667      529     1663
      530     1662      531     1662      530     1663
      530     1665      530      571      531     1662
      530      570      530      569      529      570
      530      569      530      570      530      571
      531     1668      531      569      531     1666
      530      569      532      568      532      567
      532      568      532      570      531      571
      530     1667      530      569      529     1667
      534     1659      529     1663      530     1664
      528     1665      478     5337     4409     4431
      527     1662      530      570      530     1666
      530     1665      526      571      527      573
      527     1666      501      600      501      601
      501     1695      500      600      500      599
      500     1692      499     1693      474      625
      476     1723      476     1726      473      623
      500     1696      501     1692      492     1700
      490     1705      487     1702      221     1974
      221      880      221     1971      221      879
      221      878      220      880      221      877
      220      879      220      882      221     1976
      220      880      220     1976      220      880
      220      879      220      880      220      879
      219      882      220      881      220     1980
      216      880      219     1978      219     1973
      219     1973      218     1975      218     1977
      241   137589-pulse