Running as regular user pi
  8703358

  8677715-space

     4399     4456      525     1665      502      597
      503     1693      502     1691      501      598
      502      597      528     1664      502      599
      502      599      502     1694      528      570
      502      598      528     1664      502     1690
      509      592      509     1690      501      599
      505      594      502      597      503     1690
      502     1690      528     1665      501     1691
      502     1692      505     1694      502     1690
      527     1666      522      577      527      571
      512      588      502      597      502      599
      502     1693      527      572      502     1695
      502      598      513      586      502     1691
      502      598      501      600      502      600
      502     1690      502      597      528     1668
      528     1665      502      598      505     1691
      528     1666      520     5301     4413     4424
      503     1690      526      575      500     1694
      527     1665      502      597      502      597
      527     1666      502      599      502      599
      527     1669      501      597      528      572
      503     1690      503     1692      525      572
      502     1696      527      573      528      571
      503      597      528     1665      527     1668
      499     1691      527     1666      502     1693
      501     1697      502     1691      527     1665
      504      596      502      598      502      597
      502      598      502      599      531     1663
      502      598      502     1695      501      598
      502      597      502     1690      504      595
      502      599      502      600      527     1665
      528      572      528     1669      502     1691
      501      598      502     1695      501     1693
      521   143359-pulse