Running as regular user pi
  7966182

  7937407-space

     4467     4404      500     1690      503      596
      503     1695      503     1690      504      595
      503      598      501     1689      503      598
      505      598      504     1693      504      595
      503      596      502     1695      498     1693
      500      595      505     1695      503     1695
      504      595      505     1692      504     1689
      504     1688      504     1689      504     1688
      503     1692      503      599      504     1689
      504      596      502      597      504      595
      508      592      503      595      505      598
      503     1695      502      596      504     1693
      503      597      504     1693      504     1689
      505      595      504      596      503      599
      504     1689      504      596      503     1692
      503      597      502      597      502     1690
      505     1688      526     5287     4383     4457
      500     1690      504      595      503     1694
      504     1690      501      597      504      595
      504     1688      504      597      503      599
      504     1694      503      596      504      595
      503     1691      503     1690      503      596
      503     1699      501     1695      505      594
      504     1693      504     1688      504     1689
      504     1688      504     1689      503     1692
      504      598      504     1688      504      595
      504      596      504      595      504      595
      504      596      504      598      504     1695
      502      597      506     1691      503      595
      504     1693      503     1690      503      597
      503      599      505      596      503     1690
      503      597      503     1694      503      596
      503      596      503     1691      502     1692
      522   136431-pulse