Running as regular user pi
 16777215

     4376     4457      499     1691      502      598
      503     1693      503     1691      503      599
      500      598      502     1690      504      597
      503      599      501     1696      503      596
      502      597      505     1692      500     1686
      502      606      497     1697      497      600
      504      598      503      596      502     1694
      498     1694      498     1694      499     1689
      504     1691      504     1695      504     1689
      502     1690      504      595      505      596
      503      595      502      597      503      599
      504     1691      504      596      501     1696
      504     1690      502     1689      501      599
      504      597      503      598      503      598
      503     1694      503      596      503      597
      503      596      502     1695      500     1692
      501     1693      525     5297     4382     4456
      503     1691      503      597      504     1694
      502     1690      501      599      503      596
      504     1689      502      599      502      600
      504     1693      504      596      502      598
      502     1690      503     1689      504      596
      503     1695      503      600      503      597
      502      597      502     1691      504     1689
      505     1688      503     1689      503     1691
      501     1698      501     1692      500     1690
      502      598      502      598      504      596
      504      595      503      599      503     1694
      501      595      503     1694      504     1689
      504     1689      502      597      502      597
      505      596      502      600      501     1695
      501      598      503      596      503      596
      503     1694      501     1691      501     1694
      526   135275-pulse