Running as regular user pi
 13617602

 13589373-space

     4379     4460      501     1690      503      596
      503     1693      504     1689      504      596
      503      598      501     1690      503      599
      503      599      503     1694      502      597
      504      596      503     1695      498     1692
      499      596      503     1696      503     1695
      503      596      503     1694      504     1689
      503     1690      503     1690      503     1689
      504     1692      503      598      504     1689
      504      596      503      597      503      596
      503      597      504      596      503      598
      503     1696      503      597      503     1694
      503     1689      503      597      503      596
      503      596      503      599      504      598
      504     1689      503      595      505      595
      504     1690      503     1690      503     1690
      503     1692      476     5346     4384     4455
      503     1690      504      595      503     1694
      504     1690      503      597      503      597
      504     1689      504      598      503      599
      504     1694      503      596      503      597
      504     1690      503     1689      503      596
      504     1695      504     1696      503      597
      504     1694      503     1690      504     1693
      500     1690      504     1689      503     1693
      503      597      504     1689      504      595
      503      596      503      596      503      596
      504      597      504      598      504     1695
      503      599      501     1695      503     1689
      503      596      503      597      504      596
      502      599      503      600      501     1689
      503      597      503      597      504     1689
      503     1690      503     1689      503     1694
      476   135939-pulse