Running as regular user pi
  9843341

  9820046-space

     4384     4454      503     1691      504      596
      502     1695      503     1690      505      595
      504      596      505     1689      504      598
      502      599      506     1694      502      595
      504      595      503     1690      503     1690
      503      596      504     1694      505      597
      503      596      504      596      502     1691
      503     1690      503     1690      503     1690
      504     1691      504     1696      502     1692
      503     1689      502      598      502      598
      503      596      505      595      503      598
      505     1690      504      596      503     1694
      503     1689      503      596      503     1694
      503      598      504      597      504      599
      504     1689      504      595      503      597
      505     1689      503      597      503     1694
      503     1690      476     5345     4383     4454
      503     1690      504      597      503     1692
      504     1689      504      595      505      596
      503     1692      501      599      504      598
      504     1693      503      597      504      595
      505     1691      501     1689      505      595
      502     1696      504      598      503      597
      503      595      504     1691      502     1689
      503     1689      503     1689      504     1698
      497     1695      502     1689      504     1689
      504      595      503      597      502      598
      505      593      503      598      505     1690
      505      594      503     1695      503     1691
      503      594      504     1693      504      595
      502      599      503      599      503     1690
      504      596      503      596      503     1689
      502      598      502     1694      504     1691
      518   141021-pulse