Running as regular user pi
 12156430

 12133665-space

     4378     4455      503     1690      503      596
      503     1696      500     1689      503      596
      504      596      503     1690      502      600
      503      599      503     1699      497      597
      504      596      503     1689      503     1692
      503      596      503     1695      502     1696
      504      596      504     1692      503     1691
      503     1689      502     1690      503     1689
      503     1692      504      597      504     1688
      502      597      504      596      503      596
      503      597      504      595      503      599
      503     1696      504      596      502     1694
      506     1686      503     1689      504     1689
      503      596      504      598      503      598
      502     1690      502      597      503      596
      504      595      506      594      502     1690
      503     1690      520     5302     4382     4454
      506     1687      504      595      504     1693
      504     1689      504      595      504      596
      506     1687      504      597      503      598
      503     1694      504      595      503      597
      503     1689      503     1689      503      598
      503     1695      502     1695      504      596
      506     1689      503     1689      504     1689
      503     1690      503     1689      504     1690
      502      599      504     1688      503      596
      504      596      502      597      502      597
      504      595      503      599      503     1694
      504      595      504     1693      502     1693
      500     1689      504     1690      501      597
      502      599      502      600      503     1693
      499      597      502      597      504      596
      504      595      502     1690      502     1693
      520   140494-pulse