Running as regular user pi
 11371187

 11347259-space

     4400     4450      501     1693      502      598
      502     1697      501     1691      502      599
      502      598      502     1696      499      599
      502      600      502     1701      496      600
      500      597      503     1692      502     1692
      502      599      502     1700      502      599
      502      598      501      599      502     1691
      503     1690      502     1695      501     1689
      503     1692      501     1698      502     1694
      500     1693      500      598      502      598
      501      599      501      599      502      600
      502      600      502      598      503     1695
      498     1691      502     1692      502      600
      499      598      503      600      502     1692
      502     1692      502      598      501      599
      502      598      509     1689      502     1690
      502     1696      520     5275     4389     4451
      503     1692      499      598      502     1697
      499     1692      502      597      503      597
      502     1692      502      599      502      600
      502     1695      501      598      502      604
      497     1691      508     1685      502      598
      502     1699      499      601      502      598
      502      598      502     1696      497     1691
      502     1692      502     1692      502     1693
      502     1698      502     1690      503     1691
      501      598      503      597      502      598
      501      603      498      599      503      599
      502      598      502     1692      501     1692
      503     1693      499      598      502      598
      503      599      501     1696      500     1695
      501      596      502      599      501      602
      498     1696      501     1692      503     1693
      527   141590-pulse