Running as regular user pi
 16777215

     4446     4417      504     1685      508      592
      507     1689      506     1686      507      593
      506      594      506     1685      507      601
      504      592      506     1690      507      592
      507      594      507     1689      505     1686
      506      592      510     1689      502     1697
      505     1688      502     1690      501      593
      508      594      505      594      505      595
      502      596      507      594      506      603
      500      592      509     1686      508     1686
      505     1688      508     1683      504     1694
      499      596      507      593      507      592
      509      592      504      595      505      593
      507     1695      503     1691      505     1692
      504     1688      501     1691      506     1689
      499     1693      501     1688      506      595
      505      602      492     5334     4376     4451
      500     1689      506      593      506     1692
      506     1687      505      594      504      595
      507     1686      505      596      507      595
      507     1691      506      593      507      593
      508     1685      506     1686      507      593
      506     1694      506     1691      507      592
      507     1690      506     1686      507     1687
      506     1685      508     1685      507     1688
      506      596      506     1688      506      593
      507      593      506      594      507      592
      508      592      507      595      507      595
      507      592      507      592      506      593
      507      593      507      593      508      593
      551      550      507     1688      508     1686
      505     1687      507     1686      508     1686
      506     1687      509     1684      507     1687
      500     5299     4386     4452      506     1687
      506      593      508     1689      506     1686
      508      592      508      592      507     1686
      506      596      507      594      504     1694
      506      593      507      593      507     1686
      507     1686      507      593      503     1695
      507     1692      504      595      507     1694
      506     1682      507     1686      506     1687
      506     1686      507     1691      504      595
      506     1686      506      594      506      593
      507      593      507      593      507      598
      500      596      507      594      507      592
      507      593      507      593      506      593
      507      593      507      592      507      597
      506     1687      507     1686      507     1685
      506     1687      507     1688      504     1686
      506     1687      507     1689      526   141637-pulse