Running as regular user pi
  8008402

  7980150-space

     4377     4458      502     1686      503      597
      506     1689      506     1686      506      594
      504      599      504     1686      506      595
      506      594      507     1690      505      594
      507      591      507     1691      501     1691
      501      593      508     1699      497     1700
      503     1687      503     1690      503      594
      507      593      503      592      502      597
      506      595      506      597      506      592
      508      593      505     1691      503     1690
      504     1694      502     1687      504     1689
      504      596      507      594      505      595
      505      594      502      597      507      592
      508     1688      506     1690      505     1692
      509     1687      504     1694      499     1689
      505     1687      503     1686      506      596
      501      600      509     5315     4386     4451
      503     1699      494      595      505     1692
      506     1692      496      593      506      594
      505     1695      499      596      506      595
      506     1691      505      594      507      592
      506     1685      506     1686      503      596
      507     1693      505     1693      505      595
      506     1690      506     1687      504     1690
      502     1690      506     1687      502     1693
      502      600      506     1687      506      594
      506      593      506      594      506      593
      506      593      508      595      507      595
      507      593      507      594      506      594
      507     1690      506     1688      505      595
      506      595      508     1692      506     1687
      506     1686      507     1686      506      594
      503      596      506     1687      507     1687
      498     5326     4388     4450      507     1688
      504      594      504     1693      503     1691
      506      594      506      594      506     1688
      505      595      507      595      506     1691
      507      594      506      593      507     1687
      506     1689      504      594      506     1693
      506     1693      507      593      505     1694
      505     1688      502     1689      507     1686
      507     1687      504     1694      502      597
      506     1686      506      594      508      593
      508      592      506      593      509      591
      510      593      506      596      507      594
      506      593      506      594      506     1691
      506     1687      509      591      507      596
      506     1692      504     1690      507     1685
      506     1689      500      598      507      593
      505     1688      505     1691      478   142181-pulse