Running as regular user pi
  7422644

  7397037-space

     4429     4409      503     1690      503      597
      502     1695      503     1690      503      596
      553      551      500     1690      502      601
      503      598      553     1644      550      552
      501      598      502     1693      501     1689
      503      597      502     1696      502     1697
      502     1692      503     1689      502      599
      503      596      551      549      504      596
      504      598      552      550      551      551
      502      596      504     1693      501     1692
      502     1692      502     1691      501     1694
      503      599      503      597      550      549
      550      551      502      597      551      548
      502     1700      496     1693      502     1698
      502     1691      500     1692      502     1690
      502     1691      501     1692      502      598
      500      599      525     5299     4380     4456
      502     1691      502      598      502     1694
      531     1663      534      566      530      570
      530     1664      529      572      530      572
      529     1668      531      572      531      568
      528     1663      530     1668      525      569
      530     1670      530     1671      526      571
      529     1667      530     1663      529     1664
      529     1664      529     1664      528     1667
      529      573      529     1665      528      571
      529      571      530      570      529      571
      529      572      527      574      532      570
      528      571      528     1669      528     1664
      529      572      528      572      528      573
      529      572      528     1671      527     1666
      529      571      526      572      528     1664
      529     1665      527     1665      528     1668
      518     5304     4409     4434      524     1666
      526      574      526     1670      528     1666
      527      573      527      573      526     1666
      527      575      526      576      527     1671
      526      572      527      573      527     1666
      527     1666      527      573      526     1675
      524     1673      526      573      527     1670
      526     1666      526     1668      526     1666
      527     1667      525     1669      526      575
      526     1666      526      573      527      573
      526      576      524      574      526      573
      527      575      527      575      526      573
      527     1672      525     1666      527      573
      527      573      526      574      527      575
      526     1673      526     1666      526      574
      526      574      527     1667      526     1667
      525     1671      524     1668      501   139527-pulse  3739556-space

  3715816-space

     4398     4454      502     1692      502      598
      501     1696      501     1691      502      598
      502      598      501     1691      502      600
      502      599      502     1700      497      597
      502      598      502     1690      503     1690
      503      597      503     1704      494     1698
      502      598      502     1694      503     1691
      502     1690      503     1691      502     1691
      503     1692      502      600      502     1694
      499      597      502      598      501      598
      501      599      501      598      502      600
      502      599      503      602      496     1696
      502     1690      502      597      503      597
      502      599      499      601      502     1702
      497     1692      501      598      503      598
      502     1690      503     1691      505     1689
      500     1692      526     5304     4376     4457
      502     1694      498      599      502     1695
      502     1692      502      599      502      598
      501     1694      499      600      503      600
      502     1695      502      598      501      598
      502     1691      505     1688      502      597
      501     1697      502     1697      503      598
      502     1698      498     1692      501     1692
      501     1692      501     1692      504     1693
      499      599      502     1691      502      598
      501      599      502      598      501      598
      508      591      502      600      502      601
      502      598      501     1696      502     1691
      502      598      501      599      502      598
      501      600      502     1697      501     1691
      501      599      501      598      501     1692
      503     1691      500     1692      502     1694
      526   141366-pulse