Running as regular user pi
 10166516

 10142011-space

     4423     4456      498     1692      501      598
      503     1694      501     1692      501      599
      502      599      504     1693      496      602
      501      599      501     1697      502      599
      499      598      502     1694      499     1692
      500      598      502     1698      502     1696
      502     1691      502     1691      503      600
      499      598      502      598      501      598
      502      600      501      600      501      598
      501      598      502     1695      503     1690
      501     1693      501     1691      502     1694
      501      601      504      597      501      598
      502      597      502      598      502      598
      502     1699      499     1691      502     1698
      501     1691      502     1691      502     1691
      501     1693      502     1690      501      597
      501      600      524     5298     4388     4451
      501     1695      497      599      502     1696
      500     1691      502      598      502      598
      501     1692      501      600      501      600
      503     1695      502      597      503      602
      496     1691      501     1695      499      596
      502     1697      501     1698      501      599
      502     1700      497     1691      502     1691
      502     1691      501     1691      502     1693
      503      601      500     1690      502      598
      501      598      502      607      494      597
      501      598      508      594      502      600
      502      597      502     1694      502     1690
      501     1691      504     1690      502      596
      502      599      503     1697      503     1693
      497      598      501      599      501      599
      501      598      503     1690      503     1691
      526     5300     4380     4460      499     1691
      502      598      501     1695      502     1691
      502      599      501      598      502     1693
      499      600      502      600      502     1696
      502      598      507      592      502     1691
      501     1692      501      598      502     1702
      497     1703      497      598      501     1697
      499     1692      502     1691      502     1691
      501     1693      501     1693      501      601
      503     1690      502      597      502      627
      472      598      502      599      501      599
      501      599      502      600      502      598
      502     1696      501     1695      497     1692
      502     1690      502      598      502      600
      502     1697      502     1692      500      598
      504      597      502      597      502      597
      503     1696      496     1700      519   138341-pulse