Running as regular user pi
  8979876

  8954875-space

     4405     4439      526     1664      529      571
      527     1670      529     1665      527      571
      528      571      529     1666      527      573
      529      573      545     1653      528      573
      528      572      527     1664      528     1665
      531      569      528     1671      529     1670
      528      572      528     1674      527     1661
      527     1668      526     1664      528     1664
      529     1667      529      573      529     1665
      528      571      530      570      529      571
      529      571      528      571      529      574
      529      572      528      571      529     1668
      528     1665      527      572      528      572
      528      571      529      574      528     1670
      529     1663      529      572      528      571
      528     1665      529     1666      527     1666
      527     1666      520     5309     4406     4430
      527     1664      534      566      529     1669
      529     1664      529      572      528      571
      529     1664      531      575      527      573
      528     1668      528      572      528      571
      529     1667      527     1664      528      572
      527     1672      528     1670      530      571
      529     1670      529     1663      528     1665
      529     1665      530     1663      528     1665
      529      597      506     1664      529      569
      529      572      528      571      530      570
      528      572      529      578      523      574
      529      572      527     1670      529     1664
      529      571      529      571      538      565
      526      573      528     1671      529     1664
      529      571      529      570      529     1665
      528     1665      528     1664      529     1667
      520   142665-pulse