Running as regular user pi
 16777215

     4374     4497      503     1688      503      597
      506     1690      504     1691      499      598
      552      548      552     1640      503      598
      506      596      552     1644      504      595
      506      595      504     1689      502     1704
      492      597      551     1649      498     1699
      501     1693      501     1691      496      598
      508      593      514      594      499      593
      552      549      553      548      511      592
      505      596      549     1645      500     1691
      502     1696      498     1687      506     1693
      499      600      550      552      502      594
      505      594      503      600      503      597
      501     1694      503     1697      497     1695
      503     1697      497     1687      501     1695
      499     1691      501     1692      500      597
      504      598      474     5347     4396     4447
      497     1690      505      594      507     1694
      497     1693      501      598      501      642
      458     1691      503      597      506      594
      503     1693      502      599      502      598
      506     1688      502     1692      500      597
      502     1700      502     1702      496      596
      507     1691      505     1689      504     1688
      504     1695      496     1691      504     1691
      507      595      502     1690      505      595
      505      595      505      595      503      601
      499      597      504      598      505      597
      505      607      491     1694      505      594
      505     1692      502     1691      503      597
      504      598      503     1696      504     1689
      505      595      503     1693      504      596
      503      596      503     1691      501     1692
      477     5338     4386     4454      504     1689
      502      598      506     1692      504     1689
      503      597      504      596      505     1688
      504      597      505      597      505     1693
      502      598      503      597      505     1690
      503     1688      504      596      503     1696
      506     1694      502      599      503     1694
      504     1689      505     1688      502     1691
      505     1689      505     1690      505      598
      503     1690      504      596      502      598
      504      596      503      597      502      597
      504      599      505      597      506      595
      503     1694      503      597      503     1694
      501     1692      502      599      504      599
      503     1696      503     1690      504      596
      505     1692      506      595      505      595
      504     1690      504     1692      479   139707-pulse