Running as regular user pi
  9050779

  9023451-space

     4380     4472      500     1691      502      597
      503     1696      501     1692      502      599
      500      598      502     1690      502      601
      501      601      501     1695      502      598
      501      603      497     1691      506     1687
      501      598      502     1697      526     1675
      500     1691      502     1692      501      598
      503      597      503      597      502      598
      501      600      502      601      502      598
      502      598      502     1696      502     1692
      502     1691      502     1694      499     1694
      501      600      502      598      502      598
      502      598      501      599      501      599
      502     1696      502     1693      502     1697
      502     1692      501     1692      501     1692
      501     1691      502     1692      501      598
      502      598      525     5299     4388     4452
      502     1691      502      598      503     1696
      500     1691      503      598      502      598
      502     1692      502      600      502      600
      502     1695      502      598      503      598
      501     1692      501     1691      502      598
      506     1693      502      601      502      598
      501      598      503     1690      503     1690
      502     1691      502     1691      503     1693
      501     1698      502     1691      503     1691
      502      598      502      599      501      599
      501      598      503      600      502      600
      502      602      497     1694      500     1691
      502     1692      501      598      502      599
      501      600      502     1693      501     1692
      502      598      503      597      502      598
      502     1696      501     1692      501     1693
      524     5280     4379     4465      494     1694
      500      597      502     1696      501     1692
      502      598      502      598      501     1692
      501      600      502      600      502     1696
      502      597      503      598      502     1691
      503     1691      503      598      503     1697
      502      600      502      598      503      597
      502     1692      501     1692      501     1692
      501     1692      501     1694      501     1698
      502     1691      502     1691      501      598
      502      598      502      602      498      598
      502      600      502      600      501      598
      502     1691      502     1692      501     1692
      501      598      503      598      501      600
      502     1692      501     1692      502      598
      502      597      502      598      502     1695
      503     1691      502     1694      525   141165-pulse