Running as regular user pi
 16777215

     4464     4406      502     1690      502      598
      502     1695      502     1691      502      598
      502      598      502     1695      498      601
      502      599      501     1696      503      597
      502      598      502     1694      501     1692
      498      598      502     1696      501     1697
      501     1693      501     1691      502      597
      502      598      503      596      502      598
      503      599      502      600      502      598
      503      596      502     1696      503     1689
      502     1691      503     1692      500     1693
      501      601      502      597      502      599
      503      596      501      598      501      598
      501     1696      502     1693      502     1697
      501     1692      503     1689      503     1690
      501     1692      502     1692      502      597
      501      599      526     5298     4382     4460
      496     1692      501      598      501     1696
      502     1691      502      596      501      598
      502     1691      502      600      502      600
      502     1694      505      595      502      598
      502     1691      501     1692      502      597
      503     1695      502     1696      501      598
      503     1694      502     1691      501     1691
      507     1686      501     1692      501     1694
      502      600      501     1692      500      600
      501      599      501      597      502      597
      503      597      503      599      503      599
      503      597      502     1701      522     1663
      528     1665      529     1664      531      569
      529      573      529     1670      529     1664
      531      569      529      571      529      571
      530      570      529     1666      527     1666
      521     5301     4437     4402      527     1666
      528      618      482     1668      529     1664
      528      572      528      572      528     1665
      528      577      526      574      527     1670
      528      571      528      572      529     1665
      527     1671      522      572      527     1672
      528     1671      528      572      528     1669
      528     1665      527     1666      528     1665
      527     1666      527     1672      525      573
      526     1667      526      573      526      573
      528      572      527      572      527      573
      526      575      532      570      527      573
      527     1676      521     1666      527     1666
      527     1666      526      573      527      575
      526     1673      526     1667      526      573
      527      574      529      570      527      574
      525     1667      526     1669      496   143178-pulse