Running as regular user pi
  7973203

  7944317-space

     4406     4438      526     1666      528      571
      529     1668      530     1663      530      569
      530      570      529     1664      530      572
      529      573      529     1669      530      569
      529      571      529     1666      528     1662
      531      574      525     1670      530     1669
      530      569      530     1668      530     1664
      529     1663      529     1665      528     1664
      530     1665      530      571      530     1663
      529      571      529      570      529      572
      530      570      528      571      529      572
      529      573      529      571      529     1668
      529     1664      529     1663      530     1663
      531      569      530      572      528     1671
      529     1671      495      597      529      571
      530      570      530      570      531     1664
      531     1663      523     5302     4411     4429
      529     1664      529      571      529     1668
      530     1667      527      569      529      571
      529     1664      529      573      530      572
      530     1670      527      570      531      569
      537     1657      531     1663      529      570
      529     1673      527     1670      531      568
      530     1668      530     1663      530     1667
      525     1665      529     1664      529     1666
      530      571      530     1663      529      571
      529      571      529      571      530      570
      529      570      530      573      529      573
      529      571      529     1668      529     1663
      529     1663      529     1664      530      570
      530      572      531     1668      529     1664
      530      570      530      571      529      571
      529      570      530     1663      530     1667
      523   136516-pulse