Running as regular user pi
 16777215

     4382     4441      503     1690      505      595
      552     1644      552     1641      550      549
      552      547      552     1641      553      549
      553      548      552     1649      499      595
      555      546      551     1638      503     1692
      548      553      555     1644      548     1651
      549     1641      551     1644      549      550
      550      548      554      547      551      544
      554      549      552      549      504      594
      553      546      553     1649      549     1640
      550     1648      496     1689      501     1694
      550      550      551      547      557      544
      552      547      554      548      554      546
      502     1697      499     1696      545     1651
      549     1646      505     1685      548     1655
      489     1691      553     1645      495      598
      554      547      496     5328     4430     4406
      551     1640      552      547      552     1645
      553     1639      552      548      558      543
      550     1640      553      549      553      549
      552     1644      552      548      503      597
      503     1690      551     1642      551      549
      552     1646      552      550      553      546
      553      546      554     1639      552     1642
      551     1642      551     1641      553     1641
      553     1646      552     1641      553     1639
      551      549      503      597      503      596
      554      545      554      548      503      598
      553      546      552      548      552      547
      554     1641      549      548      553      547
      552      550      551     1643      552     1641
      551     1640      552     1641      552      547
      552     1644      503     1691      502     1694
      494     5301     4434     4403      551     1642
      503      596      552     1644      552     1640
      553      548      551      548      553     1639
      552      550      554      548      551     1649
      548      547      553      547      553     1639
      552     1641      503      597      554     1646
      551      550      503      596      553      546
      553     1640      504     1689      551     1641
      502     1690      503     1691      551     1647
      503     1693      498     1691      552      547
      554      546      554      545      553      547
      553      549      552      549      553      547
      554      545      554      546      553     1639
      552      547      553      546      554      548
      552     1642      554     1641      551     1642
      551     1641      551      549      553     1644
      510     1682      502     1695      496   135378-pulse