Running as regular user pi
  9639741

  9613971-space

     4382     4461      502     1690      504      596
      503     1693      504     1692      501      597
      503      596      503     1690      504      598
      504      598      504     1693      504      596
      504      596      505     1688      504     1689
      504      596      504     1694      511     1691
      501      597      503     1692      504     1688
      503     1689      504     1688      504     1689
      503     1691      503      599      504     1689
      504      596      503      596      504      596
      504      595      505      603      495      598
      504      598      503      596      506     1690
      504      595      505     1691      505     1688
      503      597      504      598      502     1696
      506     1687      504      597      504     1692
      504      595      505      609      490     1691
      501     1691      478     5336     4387     4453
      503     1691      503      598      502     1693
      504     1690      503      596      504      596
      504     1689      505      601      501      596
      505     1692      504      597      504      595
      504     1689      503     1707      489      595
      502     1695      503     1697      505      594
      504     1693      504     1691      500     1696
      498     1688      504     1688      504     1691
      507      596      504     1689      503      597
      503      597      505      611      489      594
      505      596      505      596      506      596
      517      584      504     1693      502      597
      503     1693      504     1689      505      596
      505      597      505     1694      504     1690
      504      596      503     1693      504      597
      502      597      504     1689      504     1692
      479   143452-pulse