Running as regular user pi
 12059240

 12033233-space

     4423     4419      499     1691      503      596
      551     1646      502     1693      548      549
      503      598      502     1690      503      599
      502      599      550     1647      502      598
      503      597      567     1626      549     1642
      503      597      503     1696      502     1698
      502     1690      504     1689      503      596
      503      597      503      597      502      598
      549      551      502      600      502      598
      502      598      504     1693      502     1690
      502     1693      502     1689      502     1693
      502      600      503      597      504      598
      548      551      549      548      551      548
      502     1694      501     1694      503     1696
      503     1690      501     1691      502     1691
      503     1689      503     1689      502      597
      503      598      524     5298     4442     4397
      502     1691      501      598      504     1693
      503     1690      503      596      503      596
      502     1691      550      552      550      551
      552     1645      502      599      503      597
      503     1690      504     1689      507      593
      501     1698      503     1695      502      598
      503     1694      503     1692      499     1691
      502     1694      501     1690      503     1692
      502      601      502     1690      502      596
      552      548      503      597      504      596
      502      598      552      549      550      558
      498      596      503     1694      503     1690
      503      596      503      603      545      549
      503      600      550     1647      503     1690
      502      597      502      598      550     1643
      503     1690      502     1692      504     1690
      525     5302     4429     4406      502     1691
      503      597      502     1695      501     1692
      502      598      501      598      503     1690
      502      600      551      551      551     1646
      502      599      503      597      503     1692
      499     1691      511      589      502     1696
      502     1697      502      607      540     1647
      502     1691      503     1690      550     1643
      503     1690      502     1692      502      600
      550     1642      502      598      503      597
      503      596      504      595      502      598
      503      598      503      599      504      596
      503     1693      502     1691      503      597
      503      596      502      598      503      599
      551     1648      503     1691      502      596
      503      597      503     1690      504     1689
      502     1691      502     1694      527   139875-pulse