Running as regular user pi
 16777215

     4430     4408      503     1691      504      595
      504     1693      504     1689      502      598
      503      598      501     1691      503      598
      503      599      503     1694      504      597
      504      595      503     1690      503     1690
      503      596      503     1696      503      602
      501      596      504      596      502     1691
      502     1697      514     1674      502     1689
      502     1694      503     1695      503     1690
      503     1690      503      597      502      599
      503      596      502      597      502      600
      502      600      550      550      501     1692
      504     1689      506     1688      503      596
      502      599      503      599      503     1692
      504     1690      503      596      503      596
      503      598      503     1693      502     1691
      504     1690      498     5305     4382     4452
      502     1691      504      595      502     1696
      504     1692      501      596      501      599
      504     1689      503      599      503      599
      503     1693      503      596      504      596
      502     1690      503     1690      502      599
      503     1695      502      601      502      598
      504      596      502     1692      504     1689
      501     1692      503     1690      503     1690
      504     1699      500     1689      503     1690
      503      596      502      598      503      598
      504      596      504      598      502      600
      504      596      504     1692      499     1691
      503     1689      502      599      502      598
      502      599      502     1693      504     1689
      503      597      503      596      503      596
      503     1694      504     1689      502     1694
      520   136419-pulse