Running as regular user pi
 10191369

 10164923-space

     4371     4457      530     1665      528      572
      528     1668      529     1665      528      571
      528      571      528     1664      529      573
      529      573      529     1668      529      571
      532      570      527     1671      522     1664
      529      571      529     1670      529     1672
      529     1663      528     1666      529      570
      529      571      529      570      529      571
      529      573      528      574      529      571
      529      570      528     1668      529     1665
      530     1665      528     1663      529     1666
      530      573      530      570      529      571
      528      571      528      571      528      571
      529     1668      529     1667      528     1671
      528     1668      526     1664      529     1663
      529     1664      528     1665      529      572
      528      572      519     5304     4414     4424
      529     1665      529      570      529     1668
      529     1663      529      571      529      571
      529     1664      529      573      529      574
      528     1668      529      570      529      571
      529     1664      529     1664      529      575
      531     1664      529     1670      529      572
      529     1669      529     1667      525     1664
      529     1664      529     1664      529     1666
      529      579      523     1663      529      571
      529      571      530      570      529      571
      528      571      530      572      529      577
      525      571      529     1668      529     1664
      529      571      528      571      529      571
      529      573      530     1668      529     1664
      529      572      528      571      529     1664
      528     1667      527     1664      529     1665
      521     5307     4405     4430      528     1664
      529      572      529     1668      530     1663
      530      570      529      571      530     1663
      529      572      529      573      529     1668
      530      571      529      571      528     1668
      525     1664      529      571      529     1671
      528     1670      529      571      530     1672
      524     1663      529     1665      529     1663
      529     1665      528     1667      528      573
      529     1664      529      571      529      571
      529      571      532      568      529      571
      528      574      528      574      528      571
      529     1668      530     1663      529      572
      528      570      529      572      528      573
      529     1670      529     1664      528      571
      528      573      528     1664      528     1665
      530     1664      530     1667      521   140317-pulse