Running as regular user pi
  7818350

  7793710-space

     4470     4412      501     1692      503      596
      502     1696      503     1689      502      598
      501      598      502     1691      503      599
      503      599      502     1696      501      597
      501      604      496     1691      502     1691
      501      598      502     1697      502     1698
      502      598      502     1693      503     1690
      502     1691      502     1691      501     1692
      501     1693      502      599      502     1690
      502      597      501      598      502      599
      502      597      502      598      502      600
      503      598      502      598      502     1693
      501     1692      503     1689      502     1692
      501      598      502      605      496     1698
      502     1690      501      598      502      598
      550      553      499      597      502     1691
      501     1692      526     5297     4382     4456
      502     1691      503      597      502     1696
      503     1689      501      598      502      598
      502     1691      501      600      502      600
      502     1693      502      598      502      598
      502     1691      502     1692      501      599
      502     1696      502     1698      502      596
      502     1695      503     1690      501     1691
      502     1692      501     1691      502     1693
      501      601      502     1690      502      597
      502      597      501      598      502      598
      502      597      507      595      501      601
      503      596      503     1695      503     1690
      502     1690      505     1687      502      598
      503      599      502     1696      502     1691
      502      596      503      597      502      597
      502      598      502     1691      502     1694
      526   142269-pulse