Running as regular user pi
 10177249

 10150254-space

     4406     4431      528     1662      529      570
      529     1668      529     1665      531      569
      530      569      529     1664      530      571
      529      572      530     1667      528      571
      538      562      527     1667      526     1664
      529      570      530     1668      529      572
      529     1663      530     1663      529      571
      530     1666      530      570      529     1668
      529     1666      531     1668      529      570
      529      570      530     1663      529      575
      526     1668      529      570      529      572
      529     1669      529     1664      529     1662
      529      571      529      571      529      571
      529      571      528      573      529      572
      529      570      530      572      528     1666
      530     1663      529     1664      529     1664
      530     1667      523     5289     4416     4421
      530     1664      530      569      528     1671
      526     1664      529      571      529      571
      530     1663      530      572      528      574
      530     1666      530      570      530      570
      528     1664      529     1663      529      571
      534     1665      529      573      528     1664
      529     1664      529      570      529     1670
      526      571      529     1667      529     1665
      530     1669      529      571      531      568
      530     1663      529      570      529     1667
      555      546      529      571      530     1674
      524     1663      529     1664      529      570
      529      570      530      573      527      569
      529      577      525      573      528      570
      529      571      529     1667      529     1664
      529     1664      528     1664      529     1666
      526   144658-pulse