Running as regular user pi
  6847706

  6818565-space

     4440     4407      544     1643      502      598
      503     1694      503     1691      503      597
      551      549      561     1632      503      598
      503      599      551     1646      552      547
      552      548      553     1643      501     1689
      549      550      552     1647      503      599
      503     1690      503     1695      548      547
      553     1645      503      597      550     1646
      556     1641      549     1648      503      597
      503      597      553     1640      503      596
      552     1649      499      596      553      548
      553     1646      503     1689      551     1642
      552      555      545      547      552      547
      554      546      552      550      503      600
      551      547      553      547      552     1647
      500     1689      550     1644      503     1689
      552     1642      524     5291     4433     4405
      503     1690      503      596      552     1644
      503     1694      545      549      552      547
      552     1640      554      548      550      551
      552     1650      546      548      551      549
      553     1640      503     1689      502      598
      504     1695      507      594      552     1640
      550     1643      503      596      551     1645
      551      548      555     1642      503     1691
      502     1696      550      549      555      548
      550     1640      551      554      547     1644
      551      548      552      549      553     1646
      503     1694      501     1690      551      546
      553      546      553      547      553      546
      554      548      552      549      559      541
      551      548      552     1644      504     1688
      503     1689      551     1643      548     1647
      496   136849-pulse