Running as regular user pi
 12380080

 12352088-space

     4453     4411      549     1640      552      547
      553     1643      553     1640      503      596
      554      546      554     1639      554      548
      554      548      554     1643      503      596
      555      546      556     1637      552     1640
      552      548      553     1645      553      550
      553     1640      553     1640      553      546
      554     1643      553      546      555     1643
      511     1684      503     1697      503      596
      553      547      554     1639      554      547
      553     1645      502      596      554      547
      555     1645      552     1640      554     1639
      553      547      554      546      554      546
      554      545      554      548      554      548
      554      545      554      546      554     1643
      553     1640      553     1639      554     1639
      553     1642      528     5287     4436     4404
      554     1640      553      547      555     1643
      503     1689      553      546      554      546
      553     1640      553      549      555      548
      555     1643      552      546      555      545
      553     1640      503     1689      552      548
      553     1646      552      549      553     1640
      503     1689      503      597      550     1646
      503      598      504     1693      503     1692
      503     1696      503      596      501      599
      503     1690      501      599      501     1696
      502      598      502      599      503     1696
      504     1689      503     1690      502      598
      502      597      502      597      503      597
      502      600      506      595      502      598
      503      597      502     1695      529     1663
      503     1691      531     1664      528     1667
      524   135655-pulse