Running as regular user pi
  7564793

  7542600-space

     4436     4405      553     1639      552      548
      553     1644      552     1641      559      540
      557      544      551     1641      553      548
      555      547      569     1628      504      595
      553      547      553     1642      553     1638
      508      592      552     1646      553      548
      553     1643      500     1691      550      549
      557     1640      502      598      553     1644
      552     1643      552     1647      506      594
      553      545      555     1638      552      548
      554     1644      552      546      553      549
      503     1695      553     1641      551     1641
      503      597      551      549      553      546
      552      547      554      548      553      548
      552      547      553      546      552     1647
      513     1682      547     1642      502     1691
      553     1642      555     5261     4433     4407
      551     1641      504      596      553     1645
      553     1641      503      596      553      547
      553     1641      503      599      553      548
      556     1642      553      547      554      546
      554     1639      504     1689      503      597
      554     1646      503      599      554     1640
      555     1635      552      552      549     1643
      554      547      554     1662      485     1691
      561     1638      503      597      554      547
      553     1640      552      547      554     1645
      551      547      552      549      554     1645
      553     1641      555     1637      553      548
      554      544      556      545      555      545
      553      548      555      547      555      546
      554      546      554     1643      503     1690
      503     1691      550     1641      504     1695
      497   139894-pulse