Running as regular user pi
 16777215

     4377     4463      502     1691      502      599
      501     1695      501     1691      501      598
      503      600      498     1691      502      600
      501      600      501     1696      502      597
      502      598      502     1696      494     1695
      499      598      501     1697      502      600
      502     1692      501     1692      501      599
      502     1695      502      598      503     1695
      501     1694      502     1697      501      599
      501      598      501     1692      501      598
      501     1695      501      599      501      600
      502     1697      501     1692      502     1690
      501      599      502      598      502      598
      502      598      503      599      501      601
      502      598      502      598      502     1695
      501     1692      502     1691      501     1691
      502     1693      524     5290     4383     4459
      498     1692      502      597      501     1696
      502     1690      502      598      501      599
      501     1691      502      601      502      599
      501     1697      499      598      502      598
      502     1691      501     1692      500      598
      502     1701      498      602      500     1689
      501     1691      502      598      501     1696
      502      601      497     1695      501     1693
      501     1698      502      598      501      598
      501     1692      502      597      501     1696
      501      599      502      600      502     1696
      501     1692      501     1691      501      598
      502      598      501      599      501      598
      501      600      501      601      502      597
      501      598      501     1695      502     1691
      502     1691      501     1691      501     1695
      523   136409-pulse