Running as regular user pi
 16777215

     4458     4379      551     1639      554      545
      556     1640      556     1636      554      547
      555      543      556     1637      555      546
      557      545      581     1616      556      548
      582      517      583     1607      553     1639
      556      544      556     1643      556      545
      581     1619      547     1639      555      545
      556     1641      556      549      550     1641
      556     1639      555     1644      556      544
      556      543      555     1638      555      546
      555     1645      551      545      556      547
      556     1642      556     1636      556     1638
      555      544      556      543      557      544
      557      543      556      546      556      545
      557      544      556      543      560     1644
      549     1637      556     1637      556     1636
      555     1639      524     5291     4469     4372
      579     1612      555      545      581     1620
      551     1638      555      545      581      519
      557     1637      555      547      557      545
      557     1640      557      545      553      545
      556     1637      556     1638      556      544
      586     1624      548      548      553     1638
      555     1638      555      545      557     1647
      549      545      580     1618      579     1614
      555     1646      554      544      557      542
      557     1637      557      543      557     1640
      555      545      556      546      581     1623
      550     1637      556     1640      552      546
      555      544      556      544      557      543
      557      546      580      521      580      519
      558      542      556     1641      556     1637
      557     1636      555     1638      584     1616
      521   144658-pulse