Running as regular user pi
  7236408

  7211100-space

     4421     4401      502     1692      503      596
      502     1695      502     1691      503      596
      551      549      552     1641      551      550
      553      549      551     1648      502      594
      553      547      503     1690      503     1689
      501      599      503     1696      510      591
      550     1643      552     1641      503      598
      503     1693      502      598      553     1645
      502     1693      502     1697      502      598
      503      596      503     1695      497      601
      548     1645      502      598      503      598
      504     1696      503     1691      503     1690
      503      596      502      597      503      597
      552      549      502      599      503      599
      503      595      552      548      502     1695
      503     1691      503     1691      502     1692
      501     1692      525     5290     4440     4401
      501     1692      503      598      504     1693
      550     1644      502      598      552      549
      503     1690      503      600      502      599
      503     1694      503      597      551      548
      551     1642      552     1647      498      596
      503     1696      502      599      552     1642
      551     1642      503      599      550     1645
      502      598      504     1694      503     1692
      552     1649      503      597      503      596
      552     1641      503      596      552     1646
      504      596      551      554      548     1650
      549     1643      503     1690      551      549
      551      549      552      554      548      547
      552      550      551      551      553      548
      551      548      552     1646      504     1690
      503     1691      502     1690      503     1694
      525   142970-pulse