Running as regular user pi
  4564859

  4539800-space

     4379     4471      500     1691      501      598
      502     1696      500     1696      497      598
      502      597      502     1691      502      599
      502      600      502     1698      497      598
      504      596      502     1691      501     1691
      502      598      501     1697      502      600
      503     1690      502     1691      502      598
      502     1695      502      598      501     1695
      502     1693      502     1697      502      598
      501      598      501     1693      500      598
      501     1695      502      598      501      599
      502     1697      501     1691      503     1690
      501      598      502      598      501      597
      503      597      503      599      502      599
      503      598      501      598      502     1695
      503     1690      502     1690      503     1692
      500     1693      524     5289     4382     4457
      502     1691      504      595      503     1694
      501     1691      503      597      502      597
      508     1686      501      598      504      599
      502     1695      501      598      502      598
      502     1691      502     1695      498      597
      503     1696      503      599      501     1691
      502     1691      501      601      500     1696
      501      598      502     1695      501     1694
      501     1699      501      598      501      598
      502     1690      503      598      502     1695
      502      599      501      607      495     1697
      502     1691      502     1690      502      598
      501      598      501      601      498      598
      502      599      502      600      502      598
      501      598      502     1694      502     1692
      499     1692      502     1690      502     1694
      524   142726-pulse