Running as regular user pi
  6178475

  6148957-space

     4401     4445      558     1635      560      540
      560     1637      584     1610      557      542
      560      540      559     1636      556      543
      559      542      559     1638      559      542
      557      541      559     1635      558     1635
      582      518      558     1641      582      519
      558     1635      557     1637      558      542
      558     1639      556      544      557     1640
      555     1640      554     1646      554      546
      555      544      555     1638      552      548
      505     1693      503      596      550      552
      550     1648      501     1692      501     1692
      502      598      506      594      500      599
      502      598      501      600      503      599
      501      599      501      598      502     1695
      505     1688      503     1690      502     1691
      504     1690      522     5292     4380     4456
      502     1691      503      597      503     1693
      530     1664      528      570      530      570
      502     1690      528      573      528      573
      529     1667      531      569      528      571
      529     1662      530     1663      529      571
      528     1670      529      572      529     1664
      529     1663      528      571      529     1667
      529      570      529     1671      526     1666
      528     1670      528      572      528      571
      528     1664      528      572      528     1669
      528      571      528      574      528     1671
      528     1668      525     1666      527      571
      527      572      528      571      528      572
      527      574      527      574      528      574
      524      572      529     1668      528     1665
      526     1666      527     1665      527     1669
      522   137198-pulse