Running as regular user pi
  8525834

  8505083-space

     4433     4400      500     1692      549      549
      553     1644      550     1643      502      599
      551      548      502     1693      548      551
      503      598      553     1644      502      597
      551      549      502     1690      551     1642
      551      549      552     1647      552      550
      552     1640      552     1641      502      598
      552     1645      503      596      502     1695
      551     1643      550     1649      550      549
      552      548      551     1641      551      549
      552     1644      550      549      552      549
      550     1648      502     1690      550     1642
      502      597      550      549      551      547
      552      549      503      598      501      600
      552      548      551      548      551     1645
      551     1643      503     1689      501     1691
      501     1693      496     5318     4433     4406
      499     1690      502      598      551     1647
      548     1642      502      597      550      549
      552     1640      551      551      550      551
      552     1645      502      598      551      549
      552     1640      509     1683      551      549
      553     1646      551      551      551     1646
      546     1643      502      598      551     1646
      503      596      552     1645      551     1644
      502     1697      502      598      551      548
      553     1640      552      550      549     1645
      551      548      554      548      503     1697
      502     1692      551     1641      508      592
      552      547      553      547      553      547
      553      550      552      548      553      546
      553      548      552     1643      551     1641
      552     1641      551     1641      550     1652
      489   138469-pulse