Running as regular user pi
  7744667

  7717628-space

     4387     4457      500     1687      506      593
      507     1690      507     1686      506      594
      505      594      506     1686      508      595
      506      595      506     1690      507      593
      505      597      503     1685      506     1688
      506      593      505     1692      507      595
      506     1686      506     1687      505      595
      505     1690      507      592      506     1690
      507     1688      506     1692      512      589
      506      593      505     1687      506      594
      504     1691      506      594      506      596
      506     1692      508     1684      506     1692
      504      591      504      595      507      592
      503      596      504      597      506      595
      506      593      503      596      511     1686
      507     1685      509     1684      504     1688
      506     1688      500     5314     4386     4449
      513     1679      507      593      505     1691
      508     1683      507      593      503      597
      508     1684      508      594      508      594
      506     1690      502      598      503      595
      504     1689      504     1689      505      594
      512     1686      508      593      507     1685
      508     1686      506      593      507     1691
      505      592      502     1694      507     1687
      503     1694      505      595      507      591
      507     1685      502      597      505     1693
      506      597      500      597      506     1698
      503     1683      507     1686      508      592
      501      597      504      596      502      597
      508      595      501      599      509      591
      506      594      503     1692      508     1684
      506     1688      503     1688      505     1690
      477   144804-pulse