Running as regular user pi
  7622024

  7594196-space

     4448     4399      552     1641      504      596
      553     1643      553     1640      553      547
      557      543      554     1639      552      549
      552      549      552     1644      553      546
      555      545      557     1637      551     1639
      553      547      554     1645      552      548
      553     1646      547     1640      503      596
      555     1643      503      597      553     1644
      553     1642      503     1696      552      548
      554      547      554     1639      521      579
      552     1654      542      547      553      549
      554     1645      552     1641      553     1645
      547      546      554      546      553      546
      554      545      552      549      554      547
      555      545      553      546      554     1647
      499     1689      552     1641      552     1642
      551     1642      527     5288     4465     4371
      553     1641      553      547      554     1644
      550     1640      553      547      553      546
      552     1639      553      549      553      547
      554     1646      550      546      554      546
      554     1638      554     1639      553      546
      554     1649      550      548      553     1639
      554     1638      503      596      553     1645
      554      545      554     1643      552     1643
      541     1658      552      547      555      544
      558     1636      553      547      553     1643
      552      548      553      548      554     1644
      559     1634      553     1640      553      547
      555      545      553      547      553      547
      553      548      557      545      554      546
      555      544      554     1644      553     1640
      503     1690      553     1641      551     1644
      527   135515-pulse