Running as regular user pi
  6412721

  6392395-space

     4451     4413      502     1696      498      598
      502     1696      501     1692      501      599
      501      599      501     1692      501      599
      502      600      506     1690      501      599
      550      549      551     1643      501     1691
      501      598      502     1698      502      600
      501     1691      505     1688      502      597
      502     1695      501      599      501     1695
      503     1692      501     1698      502      598
      502      597      518     1676      501      612
      489     1695      502      598      502      630
      520     1682      463     1695      498     1691
      507      592      503      597      501      598
      505      615      530      551      502      599
      502      608      493      599      499     1696
      503     1692      498     1692      501     1693
      500     1693      524     5293     4432     4406
      499     1690      503      597      502     1695
      505     1689      499      598      552      549
      501     1694      500      599      502      599
      502     1698      499      598      502      597
      501     1691      502     1692      500      597
      550     1650      501      601      501     1695
      491     1692      500      600      500     1695
      505      595      501     1697      501     1692
      501     1698      502      598      501      598
      551     1641      502      597      550     1648
      500      598      503      599      502     1696
      503     1690      506     1688      502      597
      502      599      501      598      502      597
      501      600      502      600      502      597
      502      599      501     1695      501     1692
      501     1691      501     1692      501     1695
      495   138013-pulse