Running as regular user pi
  8445687

  8418227-space

     4391     4451      498     1690      502      598
      553     1644      552     1641      551      550
      502      596      551     1641      502      600
      552      550      553     1643      552      548
      503      598      570     1623      554     1646
      496      596      503     1696      502      600
      550     1642      502     1693      549      547
      551     1647      550      548      503     1693
      551     1644      502     1697      550      549
      502      598      502     1689      502      598
      553     1644      503      596      552      549
      553     1646      552     1641      503     1689
      553      547      503      597      503      596
      503      596      553      549      551      550
      502      598      552      548      507     1689
      502     1694      501     1690      500     1693
      500     1690      526     5292     4432     4399
      502     1690      551      550      502     1698
      499     1689      552      548      501      598
      551     1641      552      550      553      550
      503     1694      502      596      552      548
      503     1690      504     1691      550      547
      553     1646      552      550      551     1647
      498     1688      503      596      552     1647
      549      549      551     1644      505     1689
      503     1695      503      598      550      548
      550     1642      502      597      552     1646
      503      596      503      598      552     1650
      498     1691      550     1642      502      597
      503      596      503      596      550      550
      504      601      548      550      552      548
      502      597      503     1693      553     1640
      502     1690      502     1690      502     1694
      528   135128-pulse