Running as regular user pi
  6105143

  6075130-space

     4403     4442      522     1670      522      571
      529     1668      529     1664      528      576
      526      570      529     1668      525      572
      529      573      529     1668      529      571
      528      571      529     1664      530     1663
      528      571      528     1671      529      572
      528     1666      527     1669      523      571
      529     1668      529      571      529     1668
      529     1666      529     1670      528      571
      528      571      528     1665      528      571
      528     1676      521      572      528      573
      529     1670      529     1664      528     1664
      528      571      528      575      524      571
      529      572      528      573      528      573
      528      571      528      572      528     1673
      551     1642      524     1664      529     1664
      528     1666      525     5290     4408     4432
      527     1663      529      570      530     1667
      531     1670      519      573      528      571
      529     1664      528      574      529      572
      528     1669      528      575      524      573
      528     1664      502     1690      507      592
      525     1674      501      604      498     1690
      504     1689      503      597      503     1693
      505      595      504     1695      500     1691
      504     1695      504      596      504      596
      505     1687      531      569      506     1691
      505      595      505      596      506     1693
      505     1693      533     1657      527      570
      529      571      530      569      530      571
      529      573      505      597      505      594
      535      564      506     1691      530     1663
      530     1662      530     1662      530     1665
      502   137704-pulse