Running as regular user pi
  7875501

  7847724-space

     4408     4446      551     1643      502      598
      553     1645      550     1644      503      597
      553      547      553     1641      551      551
      552      549      554     1644      551      549
      552      547      554     1639      549     1643
      503      597      550     1648      551      551
      551     1642      503     1691      503      597
      552     1646      550      549      553     1645
      503     1693      502     1696      551      549
      552      548      553     1641      501      597
      559     1641      501      598      552      550
      552     1646      551     1643      502     1694
      548      548      552      548      552      548
      501      599      551      551      553      549
      552      548      502      597      552     1645
      552     1641      550     1643      502     1691
      551     1645      495     5319     4436     4402
      502     1691      552      548      553     1646
      550     1642      502      598      551      549
      552     1641      551      551      552      549
      552     1646      549      550      551      549
      552     1640      552     1641      501      598
      552     1651      550      548      553     1640
      552     1641      551      549      552     1649
      547      548      552     1645      503     1691
      501     1697      553      547      551      548
      554     1639      502      598      553     1644
      502      597      552      550      551     1648
      551     1642      550     1643      501      598
      551      548      553      547      501      598
      553      549      552      550      551      549
      552      548      503     1694      552     1641
      551     1643      552     1645      499     1694
      496   135474-pulse