Running as regular user pi
  6419946

  6396556-space

     4378     4450      503     1690      502      598
      502     1697      501     1690      502      598
      502      597      502     1692      501      600
      502      600      504     1693      503      597
      503      597      502     1690      503     1690
      503      597      502     1697      502      599
      503     1690      502     1694      500      596
      503     1696      502      597      503     1695
      503     1693      502     1697      502      597
      502      598      502     1690      503      598
      502     1695      502      598      504      598
      504     1695      502     1690      502     1691
      502      597      502      597      502      598
      503      597      503      609      493      600
      503      598      503      598      502     1695
      502     1692      501     1691      502     1690
      502     1691      553     5273     4373     4457
      501     1694      498      597      503     1694
      502     1691      502      598      503      597
      502     1691      502      599      503      599
      503     1694      502      598      502      597
      502     1692      502     1690      502      597
      502     1696      502      600      503     1690
      503     1693      499      597      503     1694
      502      597      502     1695      504     1692
      501     1696      502      596      503      597
      502     1692      502      598      502     1694
      508      591      502      599      502     1697
      502     1691      502     1692      501      597
      504      595      502      597      503      597
      502      599      503      599      502      597
      503      597      503     1693      504     1690
      503     1689      502     1690      503     1694
      524   141033-pulse