Running as regular user pi
 14296425

 14274609-space

     4424     4447      554     1638      553      549
      553     1642      555     1638      551      548
      554      546      554     1638      554      549
      558      544      553     1645      550      546
      554      545      554     1638      553     1641
      551      548      555     1644      554      548
      555     1638      555     1638      553      548
      552     1643      554      545      555     1642
      554     1641      553     1646      554      545
      553      547      554     1640      554      546
      555     1642      552      547      553      549
      554     1644      555     1639      555     1639
      552      547      554      546      554      545
      556      544      555      546      555      547
      554      545      555      544      555     1643
      552     1641      554     1639      551     1642
      554     1640      525     5300     4452     4380
      551     1640      554      546      554     1642
      503     1690      554      547      555      544
      554     1638      554      548      555      546
      555     1642      554      546      555      545
      557     1639      550     1639      555      546
      554     1645      503      598      554     1638
      554     1640      555      545      555     1643
      554      546      555     1642      554     1643
      553     1646      554      546      554      546
      555     1638      553      547      554     1643
      503      597      554      548      555     1644
      552     1641      553     1647      548      545
      555      544      554      545      554      546
      554      548      554      547      555      544
      555      545      555     1644      551     1640
      553     1639      553     1640      553     1647
      492   139474-pulse