[1011001001001101 0001 1111 1110 000000 111000 11000111][101100100100110100011111111000000011100011000111
[1011001001001101 1011 1111 0100 000000 110000 11001111][101100100100110110111111010000000011000011001111
[1011001001001101 0001 1111 1110 000000 110100 11001011][101100100100110100011111111000000011010011001011
[1011001001001101 1011 1111 0100 000000 111100 11000011][101100100100110110111111010000000011110011000011


[1011001001001101 0001 1111 1110 0000 0010 1000 11010111][101100100100110100011111111000000010100011010111
[1011001001001101 1011 1111 0100 0000 0010 0000 11011111][101100100100110110111111010000000010000011011111
[1011001001001101 0001 1111 1110 0000 0010 0100 11011011][101100100100110100011111111000000010010011011011
[1011001001001101 1011 1111 0100 0000 0010 1100 11010011][101100100100110110111111010000000010110011010011








[1011001001001101 0001 1111 1110 0000 0000 1000 1111 0111][101100100100110100011111111000000000100011110111 17_A1
[1011001001001101 0001 1111 1110 0000 0001 1000 1110 0111][101100100100110100011111111000000001100011100111	18
[1011001001001101 0001 1111 1110 0000 0011 1000 1100 0111][101100100100110100011111111000000011100011000111	19
[1011001001001101 0001 1111 1110 0000 0010 1000 1101 0111][101100100100110100011111111000000010100011010111	20	
[1011001001001101 0001 1111 1110 0000 0110 1000 1001 0111][101100100100110100011111111000000110100010010111	21
[1011001001001101 0001 1111 1110 0000 0111 1000 1000 0111][101100100100110100011111111000000111100010000111	22
[1011001001001101 0001 1111 1110 0000 0101 1000 1010 0111][101100100100110100011111111000000101100010100111	23
[1011001001001101 0001 1111 1110 0000 0100 1000 1011 0111][101100100100110100011111111000000100100010110111	24
[1011001001001101 0001 1111 1110 0000 1100 1000 0011 0111][101100100100110100011111111000001100100000110111	25
[1011001001001101 0001 1111 1110 0000 1101 1000 0010 0111][101100100100110100011111111000001101100000100111	26
[1011001001001101 0001 1111 1110 0000 1001 1000 0110 0111][101100100100110100011111111000001001100001100111	27
[1011001001001101 0001 1111 1110 0000 1000 1000 0111 0111][101100100100110100011111111000001000100001110111
[1011001001001101 0001 1111 1110 0000 1010 1000 0101 0111][101100100100110100011111111000001010100001010111
[1011001001001101 0001 1111 1110 0000 1011 1000 0100 0111][101100100100110100011111111000001011100001000111

 

[1011001001001101 0001 1111 1110 0000 0000 0100 1111 1011][101100100100110100011111111000000000010011111011   17_D2
[1011001001001101 0001 1111 1110 0000 0001 0100 1110 1011][101100100100110100011111111000000001010011101011	18
[1011001001001101 0001 1111 1110 0000 0011 0100 1100 1011][101100100100110100011111111000000011010011001011	19
[1011001001001101 0001 1111 1110 0000 0010 0100 1101 1011][101100100100110100011111111000000010010011011011	20
[1011001001001101 0001 1111 1110 0000 0110 0100 1001 1011][101100100100110100011111111000000110010010011011	21
[1011001001001101 0001 1111 1110 0000 0111 0100 1000 1011][101100100100110100011111111000000111010010001011	22	
[1011001001001101 0001 1111 1110 0000 0101 0100 1010 1011][101100100100110100011111111000000101010010101011	23
[1011001001001101 0001 1111 1110 0000 0100 0100 1011 1011][101100100100110100011111111000000100010010111011	24
[1011001001001101 0001 1111 1110 0000 1100 0100 0011 1011][101100100100110100011111111000001100010000111011	25
[1011001001001101 0001 1111 1110 0000 1101 0100 0010 1011][101100100100110100011111111000001101010000101011	26
[1011001001001101 0001 1111 1110 0000 1001 0100 0110 1011][101100100100110100011111111000001001010001101011	27
[1011001001001101 0001 1111 1110 0000 1000 0100 0111 1011][101100100100110100011111111000001000010001111011	28
[1011001001001101 0001 1111 1110 0000 1010 0100 0101 1011][101100100100110100011111111000001010010001011011	29
[1011001001001101 0001 1111 1110 0000 1011 0100 0100 1011][101100100100110100011111111000001011010001001011	30




############################################################################################################################3

[1011001001001101 1011 1111 0100 0000 0000 0000 1111 1111][101100100100110110111111010000000000000011111111  17_C2
[1011001001001101 1011 1111 0100 0000 0001 0000 1110 1111][101100100100110110111111010000000001000011101111	18
[1011001001001101 1011 1111 0100 0000 0011 0000 1100 1111][101100100100110110111111010000000011000011001111	19
[1011001001001101 1011 1111 0100 0000 0011 0000 1100 1111][101100100100110110111111010000000011000011001111 $$$$$$$$$$$$
[1011001001001101 1011 1111 0100 0000 0010 0000 1101 1111][101100100100110110111111010000000010000011011111	20
[1011001001001101 1011 1111 0100 0000 0110 0000 1001 1111][101100100100110110111111010000000111000010001111
[1011001001001101 1011 1111 0100 0000 0111 0000 1000 1111][101100100100110110111111010000000111000010001111	22
[1011001001001101 1011 1111 0100 0000 0101 0000 1010 1111][101100100100110110111111010000000111000010001111
[1011001001001101 1011 1111 0100 0000 0100 0000 1011 1111][101100100100110110111111010000000100000010111111	24
[1011001001001101 1011 1111 0100 0000 1100 0000 0011 1111][101100100100110110111111010000001100000000111111	25
[1011001001001101 1011 1111 0100 0000 1100 0000 0011 1111][101100100100110110111111010000001100000000111111      25$$$$$$$$$$$$$$$$$$$$$$$
[1011001001001101 1011 1111 0100 0000 1101 0000 0010 1111][101100100100110110111111010000001101000000101111	26
[1011001001001101 1011 1111 0100 0000 1001 0000 0110 1111][101100100100110110111111010000001001000001101111	27
[1011001001001101 1011 1111 0100 0000 1000 0000 0111 1111][101100100100110110111111010000001000000001111111	28
[1011001001001101 1011 1111 0100 0000 1010 0000 0101 1111][101100100100110110111111010000001000000001111111	
[1011001001001101 1011 1111 0100 0000 1011 0000 0100 1111][101100100100110110111111010000001011000001001111

[1011001001001101 1011 1111 0100 0000 0000 1100 1111 0011][101100100100110110111111010000000000110011110011  17_H2
[1011001001001101 1011 1111 0100 0000 0001 1100 1110 0011][101100100100110110111111010000000001110011100011	18
[1011001001001101 1011 1111 0100 0000 0011 1100 1100 0011][101100100100110110111111010000000011110011000011	19
[1011001001001101 1011 1111 0100 0000 0010 1100 1101 0011][101100100100110110111111010000000010110011010011	20
[1011001001001101 1011 1111 0100 0000 0110 1100 1001 0011][101100100100110110111111010000000110110010010011	21
[1011001001001101 1011 1111 0100 0000 0111 1100 1000 0011][101100100100110110111111010000000111110010000011	22
[1011001001001101 1011 1111 0100 0000 0101 1100 1010 0011][101100100100110110111111010000000101110010100011	23
[1011001001001101 1011 1111 0100 0000 0100 1100 1011 0011][101100100100110110111111010000000100110010110011	24
[1011001001001101 1011 1111 0100 0000 1100 1100 0011 0011][101100100100110110111111010000001100110000110011	25
[1011001001001101 1011 1111 0100 0000 1101 1100 0010 0011][101100100100110110111111010000001101110000100011	26
[1011001001001101 1011 1111 0100 0000 1001 1100 0110 0011][101100100100110110111111010000001001110001100011	27
[1011001001001101 1011 1111 0100 0000 1000 1100 0111 0011][101100100100110110111111010000001000110001110011	28
[1011001001001101 1011 1111 0100 0000 1010 1100 0101 0011][101100100100110110111111010000001010110001010011	29	
[1011001001001101 1011 1111 0100 0000 1011 1100 0100 0011][101100100100110110111111010000001011110001000011	30

[1011001001001101 0001 1111 1110 0000 0011 1000 1100 0111][101100100100110100011111111000000011100011000111
[1011001001001101 1011 1111 0100 0000 0011 0000 1100 1111][101100100100110110111111010000000011000011001111
[1011001001001101 0001 1111 1110 0000 0011 0100 1100 1011][101100100100110100011111111000000011010011001011
[1011001001001101 1011 1111 0100 0000 0011 1100 1100 0011][101100100100110110111111010000000011110011000011



###########################################################################################################################
###########################################################################################################################
Sleep


[1011001001001101 0001 1111 1110 0000 0011 0100 1100 1011][101100100100110100011111111000000011010011001011
[1011001001001101 1011 1111 0100 0000 0011 1100 1100 0011][101100100100110110111111010000000011110011000011

[1011001001001101 1001 1111 0110 0000 1110 0100 0001 1011][101100100100110110011111011000001110010000011011
[1011001001001101 0101 1111 1010 0000 1110 0100 0001 1011][101100100100110101011111101000001110010000011011
[1011001001001101 0011 1111 1100 0000 1110 0100 0001 1011][101100100100110100111111110000001110010000011011
[1011001001001101 1011 1111 0100 0000 1110 0100 0001 1011][101100100100110110111111010000001110010000011011
																		          
                                                   												
[1011001001001101 1110 0000 0001 1111 0000 0011 1111 1100][1011001001001101 0001 1111 1110 0000 0011 1000 1100 0111][1011 0010 0100 1101 0001 1111 1110 0000 0011 1000 1100 0111   Sleep_A1  
[1011001001001101 1110 0000 0001 1111 0000 0011 1111 1100][1011001001001101 1011 1111 0100 0000 0011 0000 1100 1111][1011 0010 0100 1101 1011 1111 0100 0000 0011 0000 1100 1111   Sleep_C1 19  
[1011001001001101 1110 0000 0001 1111 0000 0011 1111 1100][1011001001001101 1011 1111 0100 0000 0011 1100 1100 0011][1011 0010 0100 1101 1011 1111 0100 0000 0011 1100 1100 0011   Sleep_H1   
[1011001001001101 1110 0000 0001 1111 0000 0011 1111 1100][1011001001001101 0101 1111 0101 0000 1011 0000 0100 1111][101100100100110101011111010100001011000001001111 


###########################################################################################################################
###########################################################################################################################
Swing

[1011001001001101 0110 1011 1001 0100 1110 0000 0001 1111][101100100100110101101011100101001110000000011111
[1011001001001101 0110 1011 1001 0100 1110 0000 0001 1111][101100100100110101101011100101001110000000011111  

[1011001001001101 0110 1011 1001 0100 1110 0000 0001 1111][101100100100110101101011100101001110000000011111
[1011001001001101 0110 1011 1001 0100 1110 0000 0001 1111][101100100100110101101011100101001110000000011111

[1011001001001101 0110 1011 1001 0100 1110 0000 0001 1111][101100100100110101101011100101001110000000011111
[1011001001001101 0110 1011 1001 0100 1110 0000 0001 1111][101100100100110101101011100101001110000000011111
[1011001001001101 0110 1011 1001 0100 1110 0000 0001 1111][101100100100110101101011100101001110000000011111$$$$$$$$$$$$$$$


###############################################################################################################
###############################################################################################################
Fan


[1011001001001101 1011 1111 0100 0000 0011 0000 1100 1111][101100100100110110111111010000000011000011001111
[1011001001001101 1001 1111 0110 0000 0011 0000 1100 1111][101100100100110110011111011000000011000011001111
[1011001001001101 0101 1111 1010 0000 0011 0000 1100 1111][101100100100110101011111101000000011000011001111
[1011001001001101 0011 1111 1100 0000 0011 0000 1100 1111][101100100100110100111111110000000011000011001111

[1011001001001101 1011 1111 0100 0000 1110 0100 0001 1011][101100100100110110111111010000001110010000011011    velocidad del fan en fan-mode   
[1011001001001101 1001 1111 0110 0000 1110 0100 0001 1011][101100100100110110011111011000001110010000011011
[1011001001001101 0101 1111 1010 0000 1110 0100 0001 1011][101100100100110101011111101000001110010000011011
[1011001001001101 0011 1111 1100 0000 1110 0100 0001 1011][101100100100110100111111110000001110010000011011


[1011001001001101 1011 1111 0100 0000 0010 0000 1101 1111][101100100100110110111111010000000010000011011111
[1011001001001101 1001 1111 0110 0000 0010 0000 1101 1111][101100100100110110011111011000000010000011011111
[1011001001001101 0101 1111 1010 0000 0010 0000 1101 1111][101100100100110101011111101000000010000011011111
[1011001001001101 0011 1111 1100 0000 0010 0000 1101 1111][101100100100110100111111110000000010000011011111

[101100100100110111100000000111110000001111111100][1011001001001101 0101 1111 0101 0000 1011 0000 0100 1111][101100100100110101011111010100001011000001001111   $$$$$$$$$ Encode('COLD',30,2,'ON')
						  [1011001001001101 0101 1111 1010 0000 0010 0000 1101 1111][101100100100110101011111101000000010000011011111



#################################################################################################################
#################################################################################################################
ON_OFF


[101100100100110101111011100001001110000000011111][101100100100110101111011100001001110000000011111
[101100100100110100011111111000000011100011000111][101100100100110100011111111000000011100011000111
[101100100100110101111011100001001110000000011111][101100100100110101111011100001001110000000011111
[101100100100110101111011100001001110000000011111][101100100100110101111011100001001110000000011111
[101100100100110101111011100001001110000000011111][101100100100110101111011100001001110000000011111

[101100100100110101111011100001001110000000011111][101100100100110101111011100001001110000000011111    $$$$$$$$$$$$$$$$$$$$$$$$$$$

